34
0.0653 365.32 -0.382683 -0.359774 -0.641197 0.677812
0.92388 37.1268 357.929 0.999371 -0.0353119 0.00335215
-0.382683 0.92388 40.1882 0.0228708 0.999738 -0.000105716
350.538 -0.382683 0.92388 -0.000478766 -0.0220557 -0.999757
43.2497 343.147 -0.382683 -0.359774 -0.641197 0.677812
0.92388 46.9157 335.465 0.999371 -0.0353119 0.00335215
-0.382683 0.92388 50.8954 0.0228708 0.999738 -0.000105716
327.457 -0.382683 0.92388 -0.000478766 -0.0220557 -0.999757
434 84.9797 -1 0.00143353 0.0664513 -0.997789
1.22461e-16 442 84.985 0.998174 0.00232029 0.0603601
-1 1.22461e-16 451 0.83147 0.55557 2.25869e-18
84.0699 -1 1.22461e-16 1.14589e-15 -0.707107 -0.707107
459 83.9964 -1 0.00143353 0.0664513 -0.997789
1.22461e-16 467 84.0037 0.998174 0.00232029 0.0603601
-1 1.22461e-16 475 0.83147 0.55557 2.25869e-18
83.9924 -1 1.22461e-16 1.14589e-15 -0.707107 -0.707107
483 84 -1 0.00362184 0.0309045 -0.999516
1.22461e-16 492 83.063 0.998248 0.0232376 -0.0544112
-1 1.22461e-16 500 0.83147 0.55557 8.70383e-19
83.0042 -1 1.22461e-16 1.14589e-15 -0.707107 -0.707107
506.535 87.6423 -0.707107 0.00362184 0.0309045 -0.999516
-0.707107 511.5 94 0.998248 0.0232376 -0.0544112
-0.382683 -0.92388 516.056 0.964838 0.262635 -0.0104768
101.977 0.382683 0.92388 0.0750985 -0.832644 -0.548693
518.032 110.487 6.12303e-17 -0.00532991 0.0400551 -0.999183
1 517 118 0.999543 -0.00923924 -0.0287963
-0.382683 0.92388 561.349 0.943616 0.330753 -0.0138652
107.848 0.382683 0.92388 0.0750985 -0.832644 -0.548693
562.524 100.264 -0.707107 -0.00334464 0.0228998 -0.999732
0.707107 567.85 93.85 0.997359 -0.0215163 -0.069366
0.382683 -0.92388 571.542 0.943616 0.330753 -0.0138652
87.0173 -1.83691e-16 -1 -1.46203e-15 -0.707107 -0.707107
582.488 77.8204 -1 -0.00334464 0.0228998 -0.999732
1.22461e-16 590.225 82 0.997359 -0.0215163 -0.069366
