102 0 11
102 0 40
102 0 57
102 0 67
102 0 83
102 0 89
102 1 59
102 1 68
102 1 76
102 1 93
102 1 98
102 2 61
102 2 72
102 3 4
102 3 7
102 3 17
102 3 46
102 4 9
102 4 46
102 4 73
102 5 6
102 5 9
102 5 73
102 6 8
102 6 73
102 7 17
102 7 74
102 8 36
102 8 53
102 8 95
102 9 73
102 10 19
102 10 47
102 10 48
102 10 69
102 10 78
102 10 91
102 11 13
102 11 40
102 11 43
102 11 55
102 11 67
102 12 17
102 12 60
102 12 75
102 13 54
102 13 55
102 13 67
102 13 92
102 14 15
102 14 29
102 14 53
102 14 66
102 14 96
102 14 97
102 15 16
102 15 49
102 15 53
102 15 71
102 15 94
102 15 96
102 16 35
102 16 41
102 16 53
102 16 71
102 16 80
102 16 85
102 17 46
102 17 60
102 17 74
102 17 75
102 18 50
102 18 58
102 18 76
102 18 77
102 18 99
102 19 78
102 20 21
102 20 24
102 20 25
102 20 28
102 21 24
102 22 25
102 22 27
102 22 28
102 22 87
102 22 88
102 23 24
102 23 26
102 23 27
102 23 28
102 24 28
102 25 28
102 25 88
102 26 27
102 26 34
102 26 37
102 27 28
102 27 37
102 27 42
102 27 55
102 27 86
102 27 87
102 29 46
102 29 65
102 29 66
102 29 97
102 30 31
102 30 39
102 30 56
102 30 79
102 30 96
102 31 56
102 31 64
102 31 79
102 32 33
102 32 38
102 32 81
102 32 85
102 33 35
102 33 85
102 34 37
102 34 38
102 34 81
102 35 80
102 35 85
102 36 53
102 36 80
102 37 42
102 37 81
102 37 86
102 38 81
102 39 49
102 39 58
102 39 79
102 39 82
102 39 92
102 39 96
102 39 99
102 40 43
102 40 52
102 40 57
102 40 83
102 40 84
102 41 42
102 41 55
102 41 71
102 41 85
102 42 55
102 42 81
102 42 85
102 42 86
102 43 55
102 43 84
102 43 87
102 44 45
102 44 47
102 44 48
102 44 69
102 44 89
102 44 90
102 44 91
102 45 57
102 45 89
102 46 53
102 46 60
102 46 65
102 46 66
102 46 95
102 47 69
102 47 91
102 48 91
102 49 71
102 49 92
102 49 94
102 49 96
102 50 51
102 50 72
102 50 76
102 50 77
102 51 76
102 51 93
102 52 57
102 52 84
102 52 87
102 53 66
102 53 80
102 53 95
102 54 59
102 54 67
102 54 82
102 54 90
102 54 92
102 54 98
102 55 71
102 55 87
102 55 92
102 56 96
102 56 97
102 57 83
102 57 89
102 58 76
102 58 82
102 58 98
102 58 99
102 59 68
102 59 90
102 59 98
102 60 65
102 61 62
102 61 72
102 61 77
102 61 100
102 62 64
102 62 100
102 63 79
102 63 99
102 63 100
102 63 101
102 64 79
102 64 100
102 64 101
102 67 89
102 67 90
102 68 70
102 68 78
102 68 90
102 68 93
102 69 70
102 69 78
102 69 90
102 70 78
102 70 90
102 71 92
102 72 77
102 73 95
102 74 75
102 76 93
102 76 98
102 77 99
102 77 100
102 78 93
102 79 99
102 79 101
102 82 92
102 82 98
102 84 87
102 87 88
102 89 90
102 94 96
102 96 97
102 99 100
102 100 101
