99 0 27
99 0 45
99 0 52
99 0 84
99 1 2
99 1 3
99 1 4
99 1 41
99 2 3
99 2 4
99 2 58
99 2 60
99 2 61
99 2 94
99 3 41
99 3 49
99 3 50
99 3 58
99 3 97
99 4 12
99 4 41
99 4 61
99 5 53
99 5 75
99 5 88
99 6 7
99 6 8
99 6 9
99 6 65
99 6 68
99 7 8
99 7 9
99 7 25
99 9 24
99 9 25
99 9 65
99 9 92
99 10 11
99 10 13
99 10 17
99 10 18
99 10 42
99 10 46
99 10 87
99 11 12
99 11 13
99 11 42
99 12 13
99 12 41
99 12 42
99 12 61
99 13 17
99 13 61
99 13 63
99 14 16
99 14 21
99 14 59
99 14 76
99 14 77
99 14 79
99 15 51
99 15 57
99 15 65
99 15 67
99 15 92
99 16 42
99 16 76
99 16 79
99 16 87
99 17 18
99 17 19
99 17 20
99 17 63
99 18 20
99 18 44
99 18 46
99 19 20
99 19 63
99 20 35
99 20 44
99 21 43
99 21 54
99 21 59
99 21 77
99 21 82
99 21 90
99 22 23
99 22 24
99 22 40
99 22 82
99 23 24
99 23 25
99 24 25
99 24 82
99 24 92
99 24 93
99 26 36
99 26 51
99 26 56
99 26 66
99 26 98
99 27 52
99 27 53
99 27 80
99 27 87
99 28 29
99 28 30
99 28 31
99 29 30
99 29 31
99 29 48
99 29 55
99 29 86
99 29 91
99 30 86
99 31 55
99 32 54
99 32 71
99 32 73
99 32 74
99 32 77
99 32 89
99 33 34
99 33 35
99 34 35
99 34 44
99 34 45
99 35 44
99 36 48
99 36 50
99 36 56
99 36 91
99 36 96
99 36 98
99 37 38
99 37 39
99 37 73
99 37 89
99 37 90
99 38 39
99 38 40
99 38 82
99 38 90
99 39 40
99 40 82
99 41 42
99 41 79
99 41 81
99 41 97
99 42 79
99 42 87
99 43 59
99 43 82
99 43 83
99 44 45
99 44 46
99 44 84
99 45 84
99 46 52
99 46 84
99 46 87
99 47 51
99 47 57
99 47 64
99 47 85
99 47 93
99 47 98
99 48 49
99 48 50
99 48 86
99 48 91
99 49 50
99 49 58
99 49 86
99 49 95
99 50 96
99 50 97
99 51 57
99 51 66
99 51 67
99 51 98
99 52 84
99 52 87
99 53 80
99 53 88
99 54 77
99 54 89
99 54 90
99 55 56
99 55 91
99 56 66
99 56 91
99 57 92
99 57 93
99 58 94
99 58 95
99 59 79
99 59 81
99 59 83
99 59 85
99 60 61
99 60 62
99 60 94
99 61 62
99 61 63
99 62 63
99 64 81
99 64 85
99 64 96
99 64 97
99 64 98
99 65 67
99 65 68
99 65 92
99 66 67
99 66 68
99 67 68
99 69 70
99 70 72
99 70 75
99 71 72
99 71 74
99 71 75
99 71 77
99 71 78
99 71 88
99 72 74
99 72 75
99 73 74
99 73 89
99 75 88
99 76 78
99 76 80
99 76 87
99 76 88
99 77 78
99 78 88
99 79 81
99 80 87
99 80 88
99 81 85
99 81 97
99 82 83
99 82 90
99 82 93
99 83 85
99 83 93
99 85 93
99 86 95
99 89 90
99 92 93
99 96 97
99 96 98
