111 0 1
111 0 32
111 0 44
111 0 51
111 0 52
111 0 71
111 0 73
111 0 85
111 0 105
111 2 3
111 2 4
111 2 6
111 2 39
111 2 40
111 2 63
111 3 4
111 3 38
111 3 39
111 4 5
111 4 6
111 5 6
111 5 7
111 6 7
111 6 63
111 6 67
111 7 67
111 8 10
111 8 69
111 8 70
111 9 30
111 9 71
111 9 72
111 9 73
111 9 83
111 10 45
111 10 48
111 10 69
111 10 70
111 10 82
111 10 94
111 10 97
111 11 12
111 11 15
111 11 19
111 11 49
111 11 55
111 11 78
111 11 79
111 11 98
111 12 20
111 12 27
111 12 78
111 12 100
111 13 16
111 13 17
111 13 54
111 13 77
111 13 110
111 14 16
111 14 18
111 14 65
111 15 18
111 15 19
111 15 78
111 16 18
111 16 19
111 16 65
111 16 77
111 16 110
111 17 54
111 17 77
111 18 19
111 19 77
111 19 79
111 20 21
111 20 27
111 20 78
111 21 24
111 21 26
111 21 27
111 21 100
111 22 23
111 22 35
111 22 86
111 22 90
111 23 24
111 23 25
111 23 33
111 23 86
111 23 87
111 24 25
111 24 26
111 24 49
111 24 87
111 24 99
111 24 100
111 25 26
111 27 100
111 28 32
111 28 34
111 28 36
111 28 50
111 28 53
111 28 80
111 28 81
111 28 102
111 29 46
111 29 69
111 29 94
111 30 52
111 30 71
111 30 83
111 30 84
111 31 42
111 31 46
111 31 48
111 31 61
111 31 96
111 32 34
111 32 36
111 32 51
111 32 85
111 33 86
111 33 87
111 33 89
111 33 90
111 34 51
111 34 53
111 35 46
111 35 61
111 35 90
111 36 50
111 36 74
111 36 80
111 37 38
111 37 41
111 37 47
111 38 39
111 38 41
111 39 40
111 39 41
111 39 93
111 40 63
111 40 68
111 40 91
111 40 92
111 40 93
111 41 47
111 41 93
111 41 95
111 42 57
111 42 58
111 42 61
111 42 88
111 42 89
111 42 96
111 42 102
111 42 103
111 42 108
111 43 53
111 43 60
111 43 102
111 43 106
111 43 107
111 43 109
111 44 51
111 44 52
111 44 53
111 44 60
111 45 59
111 45 70
111 45 82
111 46 48
111 46 61
111 46 94
111 46 97
111 47 83
111 47 84
111 47 95
111 48 82
111 48 96
111 48 97
111 48 108
111 49 87
111 49 88
111 49 89
111 49 98
111 49 99
111 49 100
111 49 101
111 50 74
111 50 76
111 50 80
111 50 81
111 50 102
111 51 53
111 52 60
111 52 71
111 52 84
111 52 95
111 52 109
111 53 60
111 53 102
111 54 55
111 54 68
111 54 77
111 54 91
111 54 104
111 54 110
111 55 57
111 55 77
111 55 79
111 55 98
111 55 104
111 56 72
111 56 105
111 57 88
111 57 98
111 57 103
111 57 104
111 57 106
111 58 59
111 58 74
111 58 75
111 58 76
111 58 102
111 58 108
111 59 82
111 59 108
111 60 109
111 61 89
111 61 90
111 62 63
111 62 64
111 62 66
111 62 67
111 63 64
111 63 67
111 63 68
111 64 66
111 64 68
111 64 110
111 65 66
111 65 110
111 66 110
111 68 91
111 68 110
111 69 94
111 71 73
111 72 73
111 72 105
111 73 105
111 74 76
111 75 76
111 75 102
111 76 102
111 77 79
111 81 102
111 82 108
111 83 84
111 84 95
111 85 105
111 86 90
111 87 89
111 87 99
111 87 101
111 88 89
111 88 98
111 89 90
111 89 101
111 91 92
111 91 104
111 91 109
111 92 93
111 92 109
111 93 95
111 93 109
111 94 97
111 95 109
111 96 108
111 102 103
111 102 107
111 103 106
111 103 107
111 104 106
111 104 109
111 106 107
111 106 109
