118 0 1
118 1 20
118 1 21
118 1 43
118 1 104
118 2 3
118 2 4
118 2 44
118 2 55
118 2 56
118 2 90
118 2 107
118 3 4
118 3 55
118 4 56
118 4 112
118 4 113
118 5 20
118 5 32
118 5 43
118 5 58
118 5 104
118 6 22
118 6 112
118 7 16
118 7 18
118 7 37
118 7 59
118 7 60
118 7 61
118 8 9
118 8 10
118 8 78
118 9 17
118 9 42
118 9 76
118 9 78
118 9 103
118 10 17
118 10 22
118 10 78
118 10 80
118 11 19
118 11 34
118 11 50
118 11 52
118 12 15
118 12 38
118 12 62
118 12 64
118 12 65
118 12 66
118 12 99
118 12 108
118 13 14
118 13 20
118 13 21
118 13 28
118 13 46
118 13 79
118 14 28
118 14 46
118 14 87
118 15 37
118 15 65
118 15 66
118 15 67
118 15 68
118 15 109
118 16 38
118 16 59
118 16 61
118 16 69
118 16 72
118 16 74
118 16 95
118 16 96
118 17 27
118 17 75
118 17 76
118 17 77
118 17 78
118 17 80
118 17 81
118 17 86
118 18 37
118 18 54
118 18 59
118 18 60
118 18 83
118 18 105
118 19 34
118 19 35
118 19 48
118 19 94
118 20 21
118 20 46
118 20 58
118 20 79
118 20 104
118 21 79
118 22 80
118 22 112
118 23 29
118 23 49
118 23 51
118 23 82
118 23 88
118 23 115
118 23 117
118 24 83
118 24 84
118 24 85
118 24 101
118 25 26
118 25 47
118 26 41
118 26 47
118 26 85
118 26 101
118 27 39
118 27 75
118 27 86
118 27 114
118 28 42
118 28 87
118 28 102
118 29 34
118 29 50
118 29 82
118 29 88
118 29 89
118 30 31
118 30 64
118 30 90
118 30 91
118 30 108
118 30 115
118 30 116
118 31 49
118 31 91
118 31 115
118 32 43
118 32 58
118 32 69
118 32 73
118 32 74
118 32 95
118 33 35
118 33 92
118 33 105
118 33 110
118 34 35
118 34 50
118 34 89
118 35 48
118 35 89
118 35 92
118 35 93
118 35 94
118 35 105
118 36 38
118 36 57
118 36 72
118 36 95
118 36 97
118 36 103
118 37 38
118 37 60
118 37 61
118 37 62
118 37 65
118 37 67
118 37 96
118 37 105
118 37 109
118 38 39
118 38 62
118 38 72
118 38 96
118 38 97
118 38 98
118 38 99
118 38 103
118 38 114
118 39 75
118 39 76
118 39 103
118 39 114
118 40 48
118 40 54
118 40 93
118 40 100
118 40 105
118 41 47
118 41 54
118 41 83
118 41 100
118 41 101
118 42 102
118 42 103
118 43 104
118 44 56
118 44 90
118 44 99
118 44 106
118 44 107
118 44 108
118 44 114
118 45 92
118 45 105
118 45 109
118 45 110
118 46 57
118 46 58
118 46 87
118 46 103
118 47 48
118 47 100
118 48 93
118 48 94
118 48 100
118 49 115
118 50 52
118 50 53
118 50 88
118 51 53
118 51 88
118 54 83
118 54 100
118 54 105
118 55 90
118 56 106
118 56 111
118 56 113
118 56 114
118 57 58
118 57 95
118 57 103
118 59 69
118 59 83
118 61 96
118 62 65
118 63 64
118 63 66
118 63 116
118 64 66
118 64 108
118 64 116
118 66 68
118 66 116
118 67 109
118 68 82
118 68 109
118 68 116
118 69 70
118 69 71
118 69 73
118 69 74
118 69 83
118 70 84
118 71 83
118 72 95
118 72 97
118 72 98
118 74 95
118 75 76
118 75 77
118 76 103
118 80 81
118 80 112
118 80 113
118 81 86
118 81 111
118 81 113
118 82 89
118 82 92
118 82 109
118 82 115
118 82 116
118 82 117
118 83 84
118 83 101
118 85 101
118 86 111
118 86 114
118 87 102
118 87 103
118 89 92
118 90 91
118 90 107
118 90 108
118 92 109
118 92 110
118 93 105
118 99 114
118 102 103
118 105 109
118 105 110
118 106 114
118 111 113
118 111 114
118 112 113
118 115 116
118 115 117
