118 0 76
118 0 91
118 0 116
118 1 15
118 1 28
118 1 30
118 1 46
118 1 47
118 1 66
118 2 37
118 2 43
118 2 47
118 2 65
118 2 75
118 3 12
118 3 17
118 3 48
118 3 49
118 3 50
118 3 51
118 3 61
118 3 68
118 4 52
118 4 53
118 4 54
118 4 106
118 5 31
118 5 55
118 5 56
118 5 95
118 5 98
118 6 17
118 6 25
118 6 57
118 6 69
118 6 73
118 6 74
118 6 81
118 6 108
118 7 25
118 7 35
118 7 62
118 7 81
118 7 94
118 8 58
118 8 59
118 8 78
118 9 19
118 9 75
118 9 114
118 9 115
118 10 23
118 10 26
118 10 39
118 10 83
118 10 100
118 10 104
118 11 24
118 11 44
118 11 60
118 12 21
118 12 61
118 13 14
118 13 34
118 13 39
118 13 52
118 13 53
118 13 63
118 13 106
118 14 63
118 14 64
118 15 16
118 15 30
118 15 47
118 15 65
118 15 66
118 16 30
118 16 40
118 16 65
118 16 67
118 16 112
118 17 33
118 17 50
118 17 51
118 17 68
118 17 69
118 17 108
118 18 31
118 18 33
118 18 55
118 18 56
118 18 71
118 18 72
118 18 73
118 18 74
118 18 105
118 19 75
118 20 21
118 20 72
118 20 76
118 20 77
118 20 91
118 20 105
118 21 61
118 21 76
118 21 77
118 21 105
118 22 23
118 22 26
118 22 59
118 22 64
118 22 78
118 23 26
118 23 39
118 23 63
118 23 64
118 23 109
118 24 26
118 24 60
118 24 79
118 24 80
118 24 82
118 24 83
118 24 102
118 24 104
118 25 35
118 25 81
118 26 78
118 26 80
118 26 82
118 26 83
118 27 39
118 27 45
118 27 84
118 27 85
118 27 86
118 27 87
118 27 88
118 27 117
118 28 29
118 28 30
118 28 36
118 28 37
118 28 46
118 28 89
118 28 92
118 29 90
118 29 107
118 30 40
118 30 92
118 31 56
118 31 74
118 31 94
118 31 95
118 31 96
118 31 97
118 31 110
118 31 113
118 32 55
118 32 71
118 32 100
118 32 103
118 32 104
118 33 68
118 33 69
118 33 73
118 33 105
118 34 39
118 34 106
118 34 107
118 35 41
118 35 62
118 35 111
118 36 37
118 36 38
118 37 38
118 37 46
118 37 47
118 37 75
118 38 75
118 39 45
118 39 63
118 39 84
118 39 100
118 39 107
118 39 109
118 40 62
118 40 92
118 40 110
118 40 111
118 40 112
118 40 113
118 41 42
118 41 65
118 41 67
118 41 111
118 42 65
118 42 114
118 42 115
118 43 65
118 43 75
118 43 114
118 44 60
118 44 70
118 44 101
118 44 116
118 45 86
118 45 107
118 45 117
118 46 47
118 47 65
118 47 66
118 48 61
118 48 68
118 48 105
118 49 68
118 50 68
118 51 108
118 52 53
118 53 106
118 54 90
118 54 106
118 54 107
118 55 71
118 55 98
118 55 100
118 57 74
118 57 81
118 58 78
118 58 82
118 59 64
118 59 78
118 60 101
118 60 102
118 60 104
118 61 105
118 62 94
118 62 110
118 62 111
118 63 64
118 63 109
118 65 67
118 65 114
118 67 111
118 67 112
118 68 105
118 69 73
118 70 72
118 70 91
118 70 101
118 70 103
118 70 104
118 70 116
118 71 72
118 71 103
118 72 91
118 72 103
118 72 105
118 74 81
118 74 93
118 74 97
118 75 114
118 76 91
118 77 105
118 78 82
118 79 82
118 80 82
118 81 93
118 81 94
118 83 104
118 84 100
118 85 87
118 85 88
118 85 96
118 85 99
118 85 100
118 85 113
118 86 117
118 88 92
118 88 113
118 88 117
118 89 92
118 89 107
118 90 107
118 91 116
118 92 107
118 92 113
118 92 117
118 93 97
118 94 97
118 94 110
118 95 96
118 95 98
118 95 99
118 96 99
118 96 113
118 98 100
118 99 100
118 100 104
118 101 104
118 102 104
118 103 104
118 106 107
118 107 117
118 114 115
