102 0 17
102 0 84
102 1 4
102 1 20
102 1 27
102 1 58
102 1 72
102 2 3
102 2 4
102 2 58
102 4 58
102 5 35
102 5 37
102 5 53
102 5 59
102 5 82
102 5 94
102 6 60
102 6 83
102 7 23
102 7 31
102 7 39
102 7 61
102 8 10
102 8 11
102 8 62
102 8 63
102 9 11
102 9 46
102 9 66
102 10 30
102 10 62
102 10 99
102 11 46
102 11 63
102 12 13
102 12 25
102 12 26
102 12 38
102 12 91
102 13 18
102 13 91
102 14 15
102 14 16
102 14 33
102 14 65
102 14 77
102 14 100
102 15 16
102 15 64
102 15 77
102 15 79
102 16 64
102 16 65
102 17 66
102 17 68
102 17 84
102 18 67
102 18 91
102 19 20
102 19 58
102 19 69
102 19 71
102 20 58
102 20 69
102 20 72
102 20 90
102 21 41
102 21 70
102 21 83
102 22 23
102 22 39
102 22 57
102 23 39
102 24 27
102 24 72
102 24 73
102 24 82
102 24 90
102 25 26
102 25 73
102 25 94
102 26 38
102 26 91
102 26 94
102 27 72
102 28 30
102 28 74
102 28 75
102 29 74
102 29 75
102 29 76
102 29 99
102 29 101
102 30 75
102 30 99
102 31 43
102 31 61
102 31 67
102 31 81
102 32 45
102 32 48
102 32 60
102 32 77
102 32 78
102 33 50
102 33 77
102 33 78
102 33 88
102 33 89
102 33 100
102 34 42
102 34 79
102 35 36
102 35 43
102 35 53
102 35 59
102 35 85
102 35 86
102 36 43
102 36 80
102 36 81
102 36 86
102 36 96
102 37 53
102 37 82
102 37 90
102 38 91
102 39 56
102 39 57
102 39 61
102 39 66
102 39 68
102 39 97
102 39 98
102 40 67
102 40 91
102 40 95
102 41 42
102 41 83
102 42 79
102 42 83
102 43 44
102 43 59
102 43 67
102 43 81
102 44 59
102 44 67
102 44 94
102 44 95
102 45 48
102 45 53
102 45 54
102 45 78
102 45 85
102 46 52
102 46 56
102 46 63
102 46 66
102 47 80
102 47 86
102 47 87
102 47 88
102 47 89
102 47 96
102 47 97
102 47 98
102 48 53
102 48 54
102 48 60
102 48 69
102 48 90
102 49 91
102 49 94
102 49 95
102 50 89
102 50 92
102 50 93
102 50 100
102 51 52
102 51 56
102 51 63
102 51 92
102 51 93
102 52 56
102 52 63
102 53 54
102 53 85
102 53 90
102 55 65
102 55 99
102 55 100
102 55 101
102 56 66
102 56 87
102 56 92
102 56 97
102 57 68
102 57 84
102 59 94
102 60 69
102 60 70
102 60 71
102 60 77
102 60 79
102 60 83
102 61 81
102 61 96
102 61 98
102 62 63
102 62 93
102 62 99
102 63 93
102 64 79
102 65 76
102 65 100
102 65 101
102 66 68
102 67 91
102 67 95
102 68 84
102 69 71
102 69 90
102 70 71
102 70 83
102 72 90
102 73 82
102 73 94
102 74 75
102 75 99
102 76 101
102 77 78
102 77 79
102 78 85
102 78 86
102 78 88
102 79 83
102 80 86
102 80 96
102 81 96
102 82 90
102 82 94
102 85 86
102 86 88
102 87 89
102 87 92
102 87 97
102 88 89
102 89 92
102 91 94
102 91 95
102 92 93
102 93 99
102 93 100
102 94 95
102 96 98
102 97 98
102 99 100
102 99 101
