105 0 64
105 0 67
105 0 91
105 0 97
105 0 100
105 1 2
105 1 38
105 1 39
105 1 78
105 1 82
105 1 84
105 2 3
105 2 21
105 2 23
105 2 38
105 2 78
105 3 48
105 3 78
105 4 5
105 4 79
105 4 99
105 5 51
105 5 99
105 6 7
105 6 19
105 6 55
105 6 89
105 7 79
105 7 89
105 8 54
105 8 57
105 8 66
105 8 69
105 8 75
105 8 90
105 9 12
105 9 80
105 9 84
105 10 11
105 10 48
105 10 80
105 10 84
105 11 48
105 12 16
105 12 84
105 13 47
105 13 63
105 13 64
105 13 67
105 14 16
105 14 17
105 14 95
105 15 60
105 15 81
105 15 87
105 15 96
105 16 84
105 16 95
105 17 18
105 17 95
105 17 96
105 18 81
105 18 96
105 19 20
105 19 55
105 21 23
105 21 24
105 22 23
105 22 24
105 22 25
105 22 26
105 22 40
105 22 44
105 22 45
105 23 24
105 23 38
105 23 40
105 24 26
105 25 26
105 25 44
105 27 28
105 27 29
105 27 30
105 27 31
105 27 34
105 27 68
105 28 30
105 29 30
105 29 47
105 29 68
105 31 33
105 31 34
105 32 34
105 32 35
105 32 92
105 32 100
105 32 101
105 33 34
105 33 35
105 34 35
105 34 68
105 34 100
105 35 70
105 35 101
105 36 37
105 36 38
105 36 40
105 36 69
105 36 82
105 37 40
105 37 45
105 37 46
105 37 53
105 37 69
105 37 88
105 38 40
105 38 82
105 39 56
105 39 82
105 39 84
105 39 90
105 39 95
105 40 45
105 41 58
105 41 62
105 41 99
105 42 43
105 42 46
105 42 53
105 42 61
105 43 44
105 43 45
105 43 46
105 44 45
105 45 46
105 46 53
105 47 63
105 47 67
105 47 68
105 48 78
105 48 84
105 49 61
105 49 72
105 49 94
105 50 65
105 50 85
105 50 86
105 51 86
105 51 98
105 51 99
105 52 62
105 52 83
105 52 98
105 52 99
105 52 104
105 53 61
105 53 88
105 54 61
105 54 69
105 54 75
105 54 88
105 55 71
105 55 89
105 56 57
105 56 90
105 56 95
105 56 96
105 57 66
105 57 90
105 57 96
105 58 62
105 58 89
105 58 91
105 58 92
105 58 93
105 58 97
105 58 99
105 58 102
105 58 103
105 59 72
105 59 73
105 59 77
105 59 94
105 60 65
105 60 66
105 60 75
105 60 87
105 60 96
105 61 65
105 61 73
105 61 75
105 61 76
105 61 88
105 61 94
105 61 104
105 62 83
105 62 97
105 62 99
105 63 64
105 63 72
105 64 67
105 64 72
105 64 77
105 64 97
105 65 75
105 65 85
105 65 86
105 65 87
105 65 98
105 65 104
105 66 75
105 66 96
105 67 68
105 67 100
105 68 100
105 69 82
105 69 88
105 69 90
105 70 71
105 70 101
105 70 103
105 71 89
105 71 103
105 72 77
105 72 94
105 73 74
105 73 76
105 73 77
105 73 83
105 73 94
105 74 76
105 74 83
105 76 83
105 76 104
105 77 83
105 78 84
105 79 89
105 79 99
105 80 84
105 81 96
105 82 90
105 83 97
105 83 104
105 84 95
105 85 87
105 86 98
105 89 99
105 89 102
105 89 103
105 91 92
105 91 97
105 91 100
105 92 100
105 92 101
105 93 101
105 93 103
105 95 96
105 98 99
105 98 104
105 101 103
105 102 103
