103 0 6
103 0 20
103 0 32
103 0 51
103 0 53
103 0 54
103 0 71
103 0 84
103 0 86
103 0 87
103 1 3
103 1 8
103 1 30
103 1 33
103 1 68
103 1 72
103 1 73
103 2 40
103 2 42
103 2 66
103 2 67
103 3 8
103 3 68
103 3 73
103 4 5
103 4 9
103 4 19
103 4 64
103 4 69
103 4 83
103 4 99
103 4 100
103 5 9
103 5 64
103 6 71
103 6 84
103 7 13
103 7 20
103 7 21
103 7 32
103 7 58
103 7 63
103 7 87
103 7 92
103 7 98
103 7 102
103 8 72
103 8 73
103 9 36
103 9 64
103 9 69
103 10 14
103 10 22
103 10 30
103 10 35
103 10 66
103 10 67
103 10 68
103 10 89
103 11 31
103 11 36
103 11 52
103 11 74
103 12 34
103 12 61
103 13 47
103 13 48
103 13 49
103 13 50
103 13 63
103 13 98
103 14 30
103 14 35
103 14 45
103 14 90
103 14 91
103 14 102
103 15 18
103 15 75
103 15 76
103 15 92
103 16 18
103 16 57
103 16 78
103 16 79
103 16 83
103 16 100
103 17 33
103 17 61
103 17 62
103 17 72
103 17 78
103 17 93
103 18 19
103 18 75
103 18 76
103 18 79
103 18 82
103 18 83
103 19 69
103 19 81
103 19 82
103 19 83
103 20 21
103 20 84
103 20 87
103 21 84
103 21 92
103 22 24
103 22 26
103 22 27
103 22 28
103 22 29
103 22 35
103 22 85
103 22 89
103 22 102
103 23 24
103 23 26
103 23 94
103 24 26
103 24 27
103 25 28
103 25 38
103 25 85
103 26 56
103 26 102
103 27 29
103 28 29
103 28 85
103 30 33
103 30 65
103 30 68
103 30 78
103 30 91
103 31 36
103 32 58
103 32 86
103 32 87
103 32 101
103 33 72
103 33 78
103 34 57
103 34 61
103 34 62
103 34 88
103 34 93
103 35 102
103 36 69
103 36 74
103 37 39
103 37 41
103 37 43
103 37 44
103 38 39
103 38 42
103 38 85
103 38 89
103 39 41
103 39 42
103 40 41
103 40 42
103 41 42
103 41 44
103 42 66
103 42 89
103 43 44
103 45 65
103 45 90
103 45 91
103 46 70
103 46 75
103 46 77
103 46 92
103 47 48
103 47 59
103 47 63
103 48 50
103 49 50
103 49 95
103 49 98
103 51 54
103 51 86
103 52 53
103 52 55
103 52 74
103 52 96
103 53 54
103 53 55
103 55 71
103 55 96
103 55 97
103 56 94
103 56 98
103 56 102
103 57 78
103 57 88
103 57 93
103 57 99
103 57 100
103 58 59
103 58 63
103 58 101
103 59 63
103 59 101
103 60 102
103 61 62
103 61 72
103 62 93
103 64 88
103 64 99
103 65 78
103 65 79
103 65 90
103 65 91
103 66 67
103 66 89
103 67 68
103 69 74
103 69 80
103 69 81
103 69 96
103 69 97
103 70 71
103 70 77
103 70 80
103 70 81
103 70 92
103 71 80
103 71 84
103 71 92
103 71 97
103 74 96
103 75 77
103 75 82
103 75 92
103 76 79
103 76 90
103 76 92
103 77 81
103 77 82
103 78 79
103 78 93
103 79 90
103 80 81
103 80 97
103 81 82
103 83 100
103 84 92
103 85 89
103 88 99
103 90 92
103 90 102
103 92 102
103 94 95
103 94 98
103 95 98
103 96 97
103 98 102
103 99 100
