114 0 1
114 0 46
114 0 67
114 0 82
114 0 107
114 1 27
114 1 46
114 1 48
114 1 50
114 1 67
114 1 90
114 1 91
114 1 105
114 2 3
114 2 29
114 2 42
114 2 52
114 2 56
114 2 69
114 3 14
114 3 56
114 3 68
114 3 69
114 4 20
114 4 62
114 4 68
114 5 43
114 5 70
114 5 71
114 5 72
114 5 97
114 6 30
114 6 54
114 6 61
114 6 92
114 7 8
114 7 24
114 7 33
114 7 36
114 7 73
114 8 66
114 8 73
114 9 11
114 9 74
114 9 75
114 9 82
114 9 109
114 9 112
114 10 28
114 10 37
114 10 61
114 10 79
114 10 80
114 10 81
114 10 95
114 10 97
114 10 99
114 10 108
114 10 110
114 11 17
114 11 58
114 11 74
114 11 82
114 11 83
114 11 84
114 11 106
114 12 15
114 12 25
114 12 39
114 12 56
114 13 14
114 13 15
114 13 56
114 14 56
114 15 25
114 15 56
114 16 26
114 16 51
114 16 91
114 17 40
114 17 41
114 17 53
114 17 57
114 17 64
114 17 83
114 17 84
114 17 85
114 17 103
114 17 106
114 18 86
114 18 87
114 18 97
114 19 44
114 19 76
114 19 78
114 19 88
114 19 93
114 19 98
114 19 101
114 20 28
114 20 37
114 20 62
114 21 23
114 21 53
114 21 66
114 21 89
114 21 102
114 22 23
114 22 24
114 22 33
114 22 34
114 22 59
114 22 103
114 22 106
114 23 24
114 23 53
114 23 89
114 23 103
114 24 33
114 24 73
114 24 89
114 25 39
114 25 66
114 26 50
114 26 91
114 27 90
114 27 101
114 27 105
114 28 37
114 28 62
114 28 81
114 28 96
114 28 110
114 29 38
114 29 42
114 29 52
114 29 57
114 29 64
114 30 54
114 30 55
114 30 86
114 30 92
114 30 93
114 30 98
114 30 104
114 31 32
114 31 33
114 31 34
114 31 35
114 31 36
114 31 94
114 32 36
114 32 94
114 33 34
114 33 36
114 34 35
114 34 59
114 35 45
114 35 49
114 35 59
114 35 60
114 35 94
114 37 81
114 37 95
114 37 96
114 38 39
114 38 40
114 38 42
114 38 56
114 38 57
114 39 40
114 39 56
114 39 66
114 40 41
114 40 57
114 40 66
114 41 66
114 41 85
114 41 102
114 42 56
114 43 44
114 43 70
114 43 72
114 43 98
114 44 98
114 45 47
114 45 49
114 45 94
114 46 48
114 46 49
114 46 60
114 46 107
114 47 48
114 47 49
114 47 50
114 48 49
114 48 50
114 49 60
114 50 91
114 51 77
114 51 90
114 51 91
114 51 100
114 51 101
114 52 63
114 52 64
114 52 69
114 52 109
114 52 111
114 53 85
114 53 102
114 53 103
114 54 55
114 54 61
114 54 67
114 55 67
114 55 101
114 55 104
114 55 105
114 57 64
114 58 59
114 58 60
114 58 82
114 58 106
114 58 107
114 59 60
114 59 106
114 60 107
114 61 67
114 61 75
114 61 86
114 61 92
114 61 97
114 61 99
114 62 63
114 62 68
114 62 69
114 62 110
114 62 111
114 63 109
114 63 110
114 63 111
114 64 74
114 64 84
114 64 109
114 64 112
114 64 113
114 65 76
114 65 77
114 66 73
114 66 89
114 66 102
114 67 75
114 67 82
114 67 105
114 68 69
114 69 111
114 70 97
114 70 98
114 71 95
114 71 97
114 73 89
114 74 84
114 74 112
114 74 113
114 75 82
114 75 99
114 75 109
114 76 77
114 76 78
114 77 100
114 77 101
114 78 101
114 79 99
114 79 108
114 80 108
114 81 96
114 82 107
114 83 106
114 84 113
114 85 102
114 86 92
114 86 97
114 86 98
114 87 97
114 87 98
114 88 93
114 88 98
114 90 91
114 93 98
114 93 101
114 93 104
114 95 97
114 97 98
114 99 108
114 99 109
114 101 104
114 101 105
114 103 106
114 108 109
114 108 110
114 109 110
114 109 112
