109 0 5
109 1 7
109 1 34
109 1 42
109 1 44
109 1 45
109 1 57
109 1 76
109 1 83
109 1 84
109 1 92
109 2 3
109 2 18
109 2 51
109 2 52
109 2 70
109 3 52
109 3 59
109 3 70
109 3 71
109 3 99
109 4 45
109 4 60
109 5 29
109 5 32
109 5 61
109 6 19
109 6 21
109 6 39
109 6 42
109 6 62
109 6 64
109 6 74
109 6 75
109 7 39
109 7 42
109 7 62
109 7 63
109 7 83
109 8 22
109 8 60
109 8 65
109 8 78
109 8 84
109 9 10
109 9 33
109 9 82
109 9 98
109 9 103
109 10 23
109 10 46
109 10 98
109 11 56
109 11 66
109 11 107
109 12 13
109 12 14
109 12 15
109 12 67
109 12 68
109 13 14
109 13 15
109 14 16
109 14 68
109 14 69
109 16 21
109 16 69
109 16 88
109 17 32
109 17 38
109 17 46
109 18 70
109 18 73
109 19 20
109 19 21
109 19 42
109 19 68
109 19 69
109 19 75
109 20 30
109 20 31
109 20 42
109 20 68
109 20 76
109 20 81
109 21 64
109 21 69
109 21 74
109 21 88
109 21 89
109 21 90
109 22 77
109 22 78
109 22 84
109 23 32
109 23 46
109 24 25
109 24 43
109 24 54
109 24 105
109 25 26
109 25 27
109 25 28
109 25 43
109 25 54
109 25 99
109 26 27
109 26 28
109 27 28
109 27 39
109 27 71
109 27 77
109 27 99
109 28 39
109 28 43
109 28 79
109 28 90
109 29 55
109 29 61
109 29 80
109 30 31
109 30 67
109 30 68
109 31 81
109 32 38
109 32 46
109 32 61
109 33 82
109 34 63
109 34 83
109 34 84
109 35 36
109 35 37
109 35 51
109 36 37
109 36 48
109 36 51
109 36 52
109 36 85
109 36 95
109 36 96
109 37 85
109 37 108
109 38 46
109 38 61
109 38 86
109 39 62
109 39 63
109 39 64
109 39 77
109 39 84
109 40 82
109 40 87
109 40 91
109 41 87
109 41 89
109 41 90
109 41 91
109 42 62
109 42 75
109 42 76
109 43 87
109 43 90
109 43 104
109 43 105
109 44 45
109 44 57
109 44 76
109 44 81
109 45 60
109 45 92
109 46 53
109 46 86
109 46 98
109 47 48
109 47 49
109 47 53
109 47 93
109 47 94
109 47 95
109 47 96
109 48 49
109 48 85
109 48 95
109 48 102
109 48 106
109 49 86
109 49 93
109 49 101
109 49 102
109 50 82
109 50 104
109 51 52
109 52 58
109 52 59
109 52 96
109 52 97
109 53 86
109 53 93
109 53 94
109 53 97
109 53 98
109 53 103
109 53 105
109 54 99
109 54 105
109 55 61
109 55 80
109 55 86
109 55 100
109 55 101
109 56 106
109 56 107
109 56 108
109 57 76
109 58 59
109 58 97
109 58 99
109 58 105
109 59 99
109 60 65
109 60 84
109 60 92
109 61 86
109 63 84
109 64 74
109 64 79
109 64 90
109 65 84
109 66 80
109 66 102
109 66 107
109 67 68
109 68 69
109 70 71
109 70 72
109 70 73
109 71 72
109 71 77
109 71 99
109 72 77
109 73 77
109 76 81
109 77 84
109 79 90
109 80 100
109 80 102
109 82 87
109 82 103
109 82 104
109 84 92
109 85 106
109 85 108
109 86 93
109 86 101
109 87 90
109 87 91
109 87 104
109 88 89
109 94 96
109 94 97
109 95 96
109 96 97
109 97 105
109 98 103
109 99 105
109 100 101
109 100 102
109 101 102
109 102 106
109 102 107
109 103 104
109 103 105
109 104 105
109 106 107
109 106 108
