108 0 35
108 1 2
108 1 38
108 1 57
108 1 88
108 2 38
108 2 58
108 3 6
108 3 32
108 3 68
108 3 84
108 4 5
108 4 6
108 4 59
108 4 84
108 4 99
108 5 59
108 6 59
108 6 84
108 7 28
108 7 60
108 7 61
108 7 62
108 7 63
108 7 77
108 7 79
108 7 106
108 7 107
108 8 22
108 8 51
108 8 52
108 9 11
108 9 23
108 9 29
108 9 56
108 9 97
108 10 64
108 10 65
108 10 94
108 11 56
108 11 65
108 11 66
108 11 97
108 12 33
108 12 34
108 12 54
108 12 103
108 13 43
108 13 47
108 13 48
108 13 67
108 13 95
108 13 101
108 13 102
108 14 38
108 14 79
108 14 83
108 14 86
108 14 88
108 14 90
108 14 91
108 14 95
108 15 16
108 15 44
108 15 74
108 16 32
108 16 44
108 16 68
108 17 18
108 17 53
108 17 100
108 17 103
108 18 33
108 18 85
108 18 100
108 18 103
108 19 24
108 19 30
108 19 69
108 19 71
108 19 80
108 19 82
108 20 38
108 20 58
108 20 71
108 20 89
108 21 22
108 21 27
108 21 72
108 21 73
108 22 32
108 22 46
108 22 51
108 22 52
108 22 72
108 22 73
108 22 84
108 23 24
108 23 29
108 23 56
108 23 81
108 24 81
108 24 82
108 25 26
108 25 74
108 25 75
108 25 96
108 26 36
108 26 75
108 26 87
108 26 103
108 27 60
108 27 72
108 27 73
108 27 76
108 27 78
108 28 41
108 28 53
108 28 63
108 28 79
108 29 47
108 29 81
108 29 97
108 30 48
108 30 80
108 30 82
108 30 102
108 31 83
108 31 85
108 32 44
108 32 68
108 32 72
108 32 84
108 33 83
108 33 85
108 33 86
108 33 103
108 34 35
108 34 37
108 34 54
108 35 37
108 36 37
108 36 87
108 37 54
108 37 87
108 38 58
108 38 88
108 38 89
108 38 90
108 38 91
108 38 101
108 38 102
108 39 40
108 39 41
108 39 45
108 39 55
108 39 77
108 39 93
108 39 96
108 39 105
108 40 41
108 40 53
108 40 93
108 41 53
108 41 62
108 41 63
108 41 77
108 42 46
108 42 49
108 42 51
108 42 94
108 42 99
108 43 79
108 43 95
108 43 106
108 43 107
108 44 45
108 44 72
108 44 74
108 44 96
108 45 55
108 45 72
108 45 96
108 45 104
108 46 49
108 46 52
108 46 60
108 46 65
108 46 73
108 46 94
108 46 97
108 46 98
108 46 107
108 47 48
108 47 67
108 47 81
108 47 97
108 48 81
108 48 82
108 48 102
108 49 51
108 49 52
108 50 51
108 50 99
108 51 52
108 51 84
108 51 99
108 53 79
108 53 83
108 53 93
108 53 100
108 53 103
108 54 87
108 54 103
108 55 76
108 55 77
108 55 78
108 55 104
108 55 105
108 56 66
108 57 88
108 57 92
108 60 73
108 60 77
108 60 78
108 60 107
108 61 106
108 61 107
108 62 77
108 64 65
108 64 66
108 65 66
108 65 94
108 65 97
108 67 97
108 67 98
108 67 107
108 69 71
108 69 80
108 70 71
108 70 80
108 70 89
108 70 102
108 71 80
108 72 76
108 72 104
108 74 96
108 75 96
108 75 103
108 76 78
108 76 104
108 77 78
108 79 83
108 79 95
108 79 106
108 80 102
108 81 82
108 83 85
108 83 86
108 83 100
108 84 99
108 85 100
108 86 88
108 86 92
108 87 103
108 88 91
108 88 92
108 89 102
108 90 95
108 90 101
108 93 96
108 93 103
108 94 99
108 95 101
108 96 103
108 97 98
108 98 107
108 101 102
108 106 107
