106 0 20
106 0 32
106 0 39
106 0 52
106 0 78
106 1 40
106 1 58
106 1 59
106 2 21
106 2 22
106 2 35
106 2 60
106 3 15
106 3 60
106 3 68
106 3 75
106 4 36
106 4 61
106 4 62
106 4 95
106 5 62
106 5 69
106 5 82
106 6 46
106 6 50
106 6 63
106 6 72
106 7 43
106 7 64
106 7 65
106 7 84
106 7 86
106 7 102
106 8 36
106 8 44
106 8 51
106 8 52
106 8 102
106 9 10
106 9 27
106 9 66
106 9 70
106 10 11
106 10 13
106 10 66
106 11 12
106 11 13
106 11 55
106 11 66
106 12 13
106 12 55
106 14 41
106 14 56
106 14 71
106 14 79
106 14 89
106 15 17
106 15 32
106 15 67
106 15 68
106 15 78
106 16 17
106 16 69
106 16 78
106 16 83
106 17 78
106 18 19
106 18 50
106 18 70
106 18 77
106 19 25
106 19 27
106 19 31
106 19 70
106 19 76
106 19 77
106 20 32
106 20 39
106 20 72
106 20 73
106 20 86
106 21 22
106 21 47
106 21 60
106 21 74
106 22 35
106 22 47
106 22 100
106 23 28
106 23 37
106 23 53
106 23 57
106 23 77
106 23 101
106 23 103
106 23 104
106 24 45
106 24 61
106 24 92
106 24 93
106 24 96
106 25 26
106 25 27
106 25 76
106 26 28
106 26 29
106 26 76
106 27 70
106 28 29
106 28 30
106 28 53
106 28 76
106 28 77
106 29 30
106 29 81
106 30 53
106 30 81
106 31 76
106 31 77
106 32 47
106 32 67
106 32 73
106 32 74
106 32 75
106 32 78
106 32 97
106 32 98
106 33 71
106 33 79
106 33 94
106 33 105
106 34 54
106 34 80
106 34 81
106 36 44
106 36 52
106 36 61
106 36 62
106 36 82
106 36 83
106 37 49
106 37 57
106 37 65
106 37 84
106 37 85
106 37 101
106 38 46
106 38 48
106 38 63
106 38 99
106 39 52
106 39 86
106 39 102
106 40 41
106 40 42
106 40 58
106 40 90
106 41 56
106 41 89
106 41 90
106 42 54
106 42 58
106 42 80
106 42 88
106 42 90
106 42 103
106 43 64
106 43 77
106 43 86
106 43 91
106 44 51
106 44 61
106 44 79
106 44 94
106 45 61
106 45 95
106 45 96
106 46 50
106 46 55
106 46 63
106 46 70
106 47 48
106 47 73
106 47 74
106 47 97
106 47 98
106 47 99
106 47 100
106 48 99
106 49 51
106 49 79
106 49 84
106 49 101
106 50 70
106 50 72
106 50 77
106 50 91
106 51 79
106 51 84
106 51 102
106 52 78
106 52 83
106 52 102
106 53 81
106 53 104
106 54 80
106 54 81
106 54 103
106 54 104
106 55 66
106 55 70
106 56 71
106 56 105
106 57 77
106 57 85
106 58 59
106 58 80
106 60 74
106 60 75
106 61 93
106 61 94
106 61 95
106 62 82
106 62 95
106 63 72
106 63 73
106 63 99
106 64 65
106 64 77
106 64 85
106 65 84
106 65 85
106 66 70
106 67 75
106 68 75
106 69 82
106 69 83
106 71 79
106 71 105
106 72 73
106 72 86
106 72 91
106 73 97
106 73 99
106 74 75
106 74 98
106 76 77
106 77 85
106 77 91
106 78 83
106 79 87
106 79 89
106 79 94
106 79 101
106 81 104
106 84 102
106 86 91
106 86 102
106 87 88
106 87 89
106 87 101
106 88 89
106 88 90
106 88 101
106 88 103
106 89 90
106 92 93
106 92 105
106 93 94
106 93 105
106 94 105
106 101 103
106 103 104
