107 0 50
107 0 57
107 0 72
107 0 79
107 0 83
107 1 5
107 1 8
107 1 9
107 2 7
107 2 9
107 2 74
107 3 4
107 3 30
107 3 105
107 4 6
107 4 73
107 4 105
107 5 6
107 5 8
107 6 8
107 6 73
107 7 20
107 7 74
107 8 9
107 8 73
107 9 73
107 9 74
107 10 15
107 10 46
107 10 47
107 10 63
107 10 66
107 10 75
107 10 76
107 10 77
107 10 78
107 10 104
107 11 12
107 11 13
107 11 57
107 11 101
107 12 14
107 12 101
107 13 79
107 14 54
107 14 101
107 15 46
107 15 61
107 15 77
107 16 48
107 16 80
107 16 81
107 16 82
107 17 45
107 17 55
107 17 85
107 17 86
107 17 87
107 17 88
107 17 100
107 18 29
107 18 59
107 18 68
107 18 70
107 18 72
107 18 92
107 18 99
107 18 105
107 19 21
107 19 22
107 20 24
107 20 74
107 21 22
107 21 58
107 22 23
107 22 58
107 23 24
107 23 58
107 24 58
107 24 74
107 25 62
107 25 63
107 25 64
107 25 67
107 26 28
107 26 58
107 26 71
107 27 40
107 27 47
107 27 69
107 27 77
107 27 89
107 27 90
107 27 91
107 28 46
107 28 71
107 28 75
107 29 52
107 29 73
107 29 92
107 29 99
107 29 105
107 30 31
107 30 93
107 30 105
107 31 32
107 31 37
107 31 93
107 31 105
107 32 35
107 32 36
107 32 37
107 32 93
107 33 34
107 33 35
107 33 38
107 33 68
107 33 84
107 34 35
107 34 36
107 34 81
107 34 84
107 34 97
107 35 36
107 35 37
107 35 38
107 36 97
107 37 38
107 37 105
107 38 68
107 38 105
107 39 52
107 39 58
107 39 61
107 39 71
107 39 73
107 39 74
107 40 47
107 40 69
107 40 89
107 40 102
107 40 103
107 40 106
107 41 73
107 42 47
107 42 65
107 42 76
107 42 94
107 43 45
107 43 56
107 43 88
107 43 95
107 44 45
107 44 47
107 44 94
107 44 95
107 45 47
107 45 85
107 45 88
107 45 95
107 45 103
107 46 61
107 46 71
107 46 75
107 47 76
107 47 77
107 47 89
107 47 91
107 47 94
107 47 103
107 48 49
107 48 81
107 48 96
107 48 97
107 49 96
107 50 59
107 50 68
107 50 72
107 50 83
107 51 60
107 51 70
107 51 72
107 51 98
107 51 101
107 51 102
107 51 106
107 52 61
107 52 69
107 52 73
107 52 99
107 53 55
107 53 56
107 53 86
107 53 87
107 53 88
107 54 55
107 54 100
107 54 101
107 55 86
107 55 100
107 56 88
107 57 72
107 57 79
107 57 98
107 57 101
107 58 71
107 58 74
107 59 68
107 59 72
107 60 85
107 60 100
107 60 101
107 60 102
107 61 69
107 61 71
107 61 77
107 62 63
107 62 75
107 63 66
107 63 67
107 63 75
107 64 67
107 65 76
107 65 78
107 65 104
107 66 67
107 66 104
107 68 80
107 68 83
107 68 84
107 68 105
107 69 77
107 69 90
107 69 99
107 69 106
107 70 72
107 70 106
107 72 98
107 73 74
107 73 105
107 77 90
107 77 91
107 78 104
107 80 81
107 80 82
107 80 83
107 80 84
107 81 84
107 81 97
107 82 83
107 85 100
107 85 102
107 85 103
107 86 87
107 92 105
107 96 97
107 98 101
107 99 106
107 100 101
107 102 103
107 102 106
