1 -0.000867
1 0.000858
1 -0.000111
1 -0.000024
1 0.000057
1 -0.000017
1 0.000040
1 -0.000000
1 -0.000076
1 0.000082
1 -0.000076
1 0.000020
1 0.000000
1 -0.000018
1 0.000017
1 -0.000057
1 0.000008
1 0.000025
1 0.000063
1 0.000092
1 -0.000037
1 0.000047
1 0.000145
1 0.000129
1 0.000637
1 0.000077
1 -0.000018
1 0.000019
1 0.000025
1 -0.000019
1 0.000299
1 0.000061
1 0.000028
1 0.000132
1 -0.000011
1 -0.000001
1 -0.000063
1 0.000124
1 0.000006
1 0.000917
1 -0.000045
1 0.000007
1 0.000002
1 -0.000075
1 0.000305
1 0.000035
1 -0.000005
1 -0.000004
1 -0.000015
1 0.000043
1 0.000051
1 0.000027
1 0.000034
1 0.000082
1 0.000188
1 0.000012
1 0.000102
1 -0.000016
1 -0.000061
1 0.000032
1 0.000451
1 0.000050
1 0.000000
1 0.000015
1 -0.000021
1 0.000026
1 0.000102
1 -0.000025
1 0.000494
1 0.000101
1 -0.000099
1 0.000065
1 -0.000018
1 0.000011
1 -0.000001
1 0.000031
1 0.000074
1 0.000028
1 -0.000615
1 0.000043
1 -0.000023
1 -0.000113
1 -0.000402
1 -0.000011
1 -0.000101
1 0.000014
1 0.000149
1 -0.000029
1 0.000004
1 0.000001
1 0.000011
1 -0.000007
1 0.000013
1 -0.000157
1 0.000019
1 0.000094
1 0.000024
1 -0.000005
1 0.000010
1 0.000350
1 0.000049
1 -0.000031
1 -0.000059
1 0.000046
1 -0.000011
1 0.000010
1 0.000029
1 0.000033
1 -0.000064
1 0.000027
1 -0.000043
1 0.000030
1 0.000209
1 0.000040
1 0.000062
1 0.000033
1 0.000053
1 0.000017
1 -0.000182
1 0.000011
1 0.000097
1 0.000016
1 0.000017
1 -0.000257
1 -0.000102
1 0.000541
1 -0.000041
1 -0.000028
1 0.000034
1 0.000042
1 0.000004
1 0.000067
1 0.000082
1 0.000166
1 0.000040
1 0.000099
1 0.000012
1 -0.000006
1 0.000018
1 0.000314
1 0.000019
1 0.000130
1 -0.000759
1 0.000019
1 0.000004
1 0.000014
1 0.000193
1 0.000058
1 0.000021
1 -0.000029
1 0.000021
1 0.000101
1 0.000003
1 0.000004
1 0.000028
1 -0.000032
1 0.000063
1 0.000006
1 0.000101
1 -0.000052
1 0.000049
1 0.000255
1 0.000084
1 -0.000001
1 -0.000088
1 0.000249
1 0.000679
1 -0.000053
1 0.000076
1 0.000004
1 0.000057
1 0.000012
1 -0.000011
1 0.000074
1 -0.000028
1 -0.000101
1 -0.000008
1 -0.000009
1 0.000043
1 0.000012
1 -0.000018
1 0.000046
1 0.000069
1 -0.000012
1 -0.000014
1 0.000027
1 0.000017
1 -0.000029
1 0.000016
1 0.000623
1 -0.000085
1 -0.000067
1 -0.000005
1 -0.000001
1 -0.000008
1 0.000057
1 -0.000010
1 0.000025
1 0.000762
1 0.000001
1 -0.000011
1 0.000168
1 0.000128
1 0.000582
1 0.000036
1 0.000084
1 0.000246
1 0.000063
1 -0.000001
1 0.000097
1 0.000007
1 0.000020
1 0.000063
1 0.000056
1 0.000077
1 0.000032
1 0.000038
1 0.000081
1 0.000207
1 -0.000271
1 -0.000062
1 0.000058
1 0.000029
1 0.000036
1 0.000054
1 -0.000236
1 0.000236
1 0.000001
1 0.000246
1 0.000007
1 0.000034
1 0.000026
1 0.000021
1 0.000002
1 0.000056
1 0.000015
1 -0.000006
1 -0.000052
1 0.000017
1 0.000027
1 -0.000038
1 0.000097
1 -0.000009
1 -0.000000
1 0.000004
1 0.000005
1 0.000010
1 -0.000187
1 0.000037
1 0.000016
1 0.000258
1 0.000148
1 -0.000018
1 -0.000074
1 -0.000020
1 -0.000009
1 -0.000095
1 0.000024
1 0.000093
1 -0.000001
1 -0.000169
1 -0.000309
1 -0.000046
1 0.000034
1 -0.000002
1 0.000031
1 0.000053
1 0.000010
1 0.000017
1 0.000025
1 -0.000000
1 0.000023
1 -0.000132
1 0.000010
1 0.000003
1 -0.000332
1 0.000009
1 -0.000363
1 -0.000008
1 0.000048
1 0.000409
1 0.000003
1 -0.000370
1 0.000022
1 0.000572
1 -0.000000
1 0.000017
1 0.000014
1 -0.000000
1 0.000042
1 -0.000009
1 0.000055
1 0.000055
1 0.000283
1 -0.000149
1 0.000105
1 0.000001
1 0.000002
1 0.000072
1 -0.000023
1 0.000086
1 -0.000042
1 -0.000057
1 -0.000039
1 0.000111
1 0.000131
1 0.000024
1 -0.000150
1 0.000394
1 0.000227
1 0.000184
1 -0.000174
1 -0.000040
1 0.000031
1 0.000008
1 0.000068
1 -0.000014
1 0.000113
1 0.000001
1 0.000019
1 0.000142
1 0.000020
1 0.000029
1 0.000168
1 0.000056
1 0.000013
1 0.000013
1 0.000123
1 -0.000249
1 0.000045
1 -0.000038
1 -0.000036
1 0.000022
1 -0.000024
1 -0.000142
1 0.000178
1 0.000098
1 0.000196
1 0.000005
1 0.000013
1 0.000031
1 0.000002
1 0.000276
1 0.000069
1 -0.000350
1 -0.000031
1 0.000043
1 0.000029
1 0.000051
1 0.000028
1 0.000013
1 0.000081
1 0.000020
1 0.000021
1 0.000050
1 0.000008
1 -0.000009
1 0.000012
1 0.000051
1 0.000000
1 0.000014
1 0.000171
1 0.000118
1 0.000133
1 0.000222
1 0.000096
1 0.000036
1 -0.001158
1 -0.000150
1 0.000150
1 0.000007
1 0.000020
1 0.000014
1 -0.000004
1 0.000027
1 0.000011
1 -0.000054
1 0.000000
1 0.000017
1 -0.000086
1 -0.000011
1 0.000008
1 0.000000
1 -0.000004
1 -0.000000
1 -0.000006
1 -0.000015
1 -0.000007
1 0.000088
1 -0.000019
1 0.000016
1 0.000029
1 0.000072
1 0.000216
1 0.000032
1 0.000082
1 -0.000000
1 -0.000010
1 -0.000026
1 0.000126
1 0.000068
1 0.000116
1 0.000030
1 0.000011
1 -0.000027
1 -0.000005
1 0.000012
1 -0.000020
1 -0.000563
1 -0.000028
1 -0.000009
1 0.000003
1 0.000010
1 0.000178
1 0.000086
1 0.000027
1 0.000405
1 0.000000
1 0.000224
1 0.000202
1 0.000086
1 -0.000012
1 -0.000036
1 0.000036
1 -0.000033
1 -0.000007
1 0.000070
1 -0.000022
1 0.000375
1 -0.000003
1 0.000040
1 0.000057
1 0.000006
1 0.000009
1 0.000150
1 -0.000031
1 0.000159
1 0.000073
1 -0.000292
1 0.000110
1 0.000109
1 0.000078
1 -0.000054
1 0.000071
1 -0.000007
1 0.000023
1 0.000049
1 0.000045
1 0.000004
1 0.000030
1 0.000073
1 -0.000363
1 0.000201
1 0.000010
1 -0.000003
1 -0.000029
1 0.000003
1 0.000075
1 0.000071
1 0.000029
1 -0.000022
1 0.000003
1 0.000208
1 0.000010
1 -0.000019
1 -0.000088
1 -0.000009
1 0.000009
1 0.000049
1 0.000240
1 -0.000052
1 0.000070
1 -0.000094
1 -0.000005
1 0.000058
1 0.000089
1 -0.000017
1 0.000021
1 -0.000004
1 0.000295
1 -0.000042
1 0.000248
1 -0.000134
1 -0.000031
1 0.000011
1 0.000020
1 0.000040
1 0.000041
1 0.000259
1 -0.000006
1 0.000008
1 0.000023
1 -0.000180
1 0.000044
1 0.000047
1 -0.000001
1 -0.000005
1 0.000279
1 -0.000010
1 0.000063
1 0.000019
1 -0.000030
1 -0.000202
1 -0.000044
1 0.000056
1 0.001140
1 -0.000004
1 0.000018
1 0.000068
1 -0.000053
1 0.000024
1 -0.000000
1 0.000000
1 -0.000017
1 -0.000128
1 -0.000131
1 -0.000122
1 -0.000019
1 0.000015
1 0.000008
1 0.000126
1 0.000024
1 0.000153
1 0.000011
1 0.000157
1 -0.000055
1 -0.000003
1 0.000246
1 0.000025
1 0.000011
1 0.000003
1 0.000004
1 -0.000006
1 0.000145
1 -0.000006
1 0.000018
1 0.000269
1 0.000111
1 0.000040
1 -0.000017
1 -0.000023
1 0.000032
1 0.000039
1 0.000080
1 0.000005
1 0.000001
1 -0.000010
1 0.000124
1 -0.000008
1 -0.000072
1 0.000018
1 0.000000
1 0.000041
1 -0.000099
1 0.000001
1 0.000030
1 0.000231
1 0.000234
1 -0.000077
1 -0.000050
1 0.000258
1 0.000099
1 -0.000174
1 -0.000059
1 0.000055
1 0.000028
1 -0.000010
1 0.000005
1 0.000061
1 0.000004
1 -0.000005
1 0.000002
1 0.000026
1 0.000008
1 -0.000002
1 0.000005
1 -0.000073
1 -0.000016
1 0.000000
1 0.000091
1 0.000046
1 0.000021
1 0.000024
1 0.000020
1 -0.000007
1 0.000039
1 0.000255
1 0.000016
1 0.000021
1 0.000005
1 0.000100
1 0.000047
1 0.000011
1 -0.000004
1 0.000075
1 -0.000029
1 0.000071
1 0.000066
1 -0.000000
1 0.000007
1 0.000028
1 0.000006
1 0.000004
1 0.000167
1 0.000060
1 0.000014
1 0.000004
1 -0.000126
1 0.000014
1 0.000079
1 0.000031
1 0.000022
1 0.000596
1 0.000036
1 0.000147
1 0.000032
1 0.000199
1 0.000010
1 0.000034
1 0.000017
1 0.000005
1 -0.000147
1 -0.000204
1 0.000008
1 0.000010
1 0.000001
1 0.000048
1 -0.000111
1 0.000030
1 0.000012
1 0.000217
1 -0.000026
1 0.000003
1 0.000051
1 -0.000087
1 -0.000551
1 -0.000085
1 0.000005
1 0.000040
1 0.000041
1 0.000591
1 0.000061
1 0.000143
1 -0.000002
1 0.000039
1 -0.000049
1 -0.000033
1 0.000032
1 0.000019
1 0.000019
1 0.000010
1 0.000299
1 0.000034
1 0.000000
1 0.000112
1 0.000021
1 0.000058
1 0.000070
1 0.000234
1 -0.000007
1 0.000018
1 0.000000
1 0.000067
1 0.000054
1 -0.000009
1 -0.000001
1 0.000044
1 -0.000045
1 0.000003
1 0.000040
1 0.000285
1 0.000142
1 0.000191
1 0.000050
1 -0.000014
1 0.000044
1 -0.000022
1 -0.000002
1 0.000024
1 -0.001034
1 -0.000016
1 0.000009
1 -0.000001
1 -0.000006
1 0.000147
1 -0.000047
1 -0.000019
1 0.000030
1 0.000025
1 0.000058
1 0.000122
1 0.000014
1 0.000134
1 0.000205
1 -0.000020
1 0.000012
1 0.000080
1 0.000040
1 0.000410
1 0.000212
1 0.000063
1 0.000011
1 0.000028
1 -0.000011
1 -0.000009
1 0.000035
1 0.000013
1 -0.000057
1 -0.000001
1 0.000263
1 0.000000
1 0.000018
1 -0.000104
1 -0.000028
1 0.000600
1 0.000009
1 0.000013
1 0.000057
1 -0.000110
1 0.000150
1 -0.000007
1 0.000043
1 0.000071
1 0.000043
1 0.000230
1 -0.000077
1 -0.000060
1 0.000081
1 0.000000
1 -0.000169
1 0.000037
1 0.000328
1 -0.000009
1 0.000002
1 0.000395
1 -0.000014
1 0.000144
1 0.000012
1 -0.000029
1 0.000015
1 -0.000000
1 -0.000005
1 0.000041
1 0.000147
1 -0.000008
1 0.000028
1 0.000150
1 -0.000004
1 0.000043
1 0.000015
1 0.000007
1 -0.000087
1 0.000017
1 0.000000
1 -0.000100
1 -0.000008
1 0.000014
1 -0.000001
1 -0.000022
1 0.000013
1 -0.000123
1 0.000010
1 0.000007
1 0.000152
1 0.000004
1 0.000102
1 0.000019
1 0.000217
1 0.000000
1 0.000025
1 0.000029
1 -0.000117
1 0.000105
1 -0.000075
1 0.000006
1 0.000509
1 0.000068
1 0.000030
1 0.000130
1 -0.000004
1 0.000006
1 0.000004
1 0.000027
1 -0.000025
1 -0.000172
1 -0.000022
1 0.000302
1 -0.000013
1 0.000345
1 0.000028
1 0.000371
1 -0.000023
1 0.000409
1 0.000007
1 0.000082
1 0.000055
1 0.000096
1 0.000005
1 0.000002
1 0.000440
1 0.000068
1 0.000012
1 0.000009
1 -0.000051
1 0.000017
1 0.000102
1 0.000079
1 0.000013
1 0.000077
1 -0.000031
1 0.000008
1 0.000216
1 -0.000042
1 -0.000035
1 0.000026
1 0.000037
1 0.000066
1 0.000004
1 0.000019
1 0.000084
1 0.000030
1 0.000212
1 0.000330
1 0.000019
1 0.000080
1 0.000032
1 0.000040
1 0.000001
1 0.000159
1 0.000659
1 0.000013
1 0.000096
1 -0.000083
1 0.000088
1 0.000018
1 0.000093
1 0.000305
1 0.000031
1 0.000025
1 -0.000038
1 0.000129
1 -0.000126
1 0.000096
1 0.000029
1 -0.000001
1 0.000144
1 0.000009
1 0.000034
1 0.000116
1 0.000020
1 -0.000010
1 0.000544
1 0.000023
1 0.000318
1 0.000022
1 0.000012
1 -0.000036
1 0.000049
1 -0.000028
1 0.000002
1 0.000001
1 -0.000000
1 -0.000012
1 -0.000101
1 0.000045
1 0.000007
1 -0.000029
1 0.000049
1 0.000009
1 0.000033
1 0.000219
1 0.000067
1 0.000284
1 0.000024
1 -0.000056
1 0.000002
1 0.000214
1 0.000075
1 0.000020
1 0.000055
1 0.000006
1 0.000035
1 0.000282
1 0.000016
1 0.000078
1 0.000048
1 0.000046
1 -0.000006
1 -0.000067
1 -0.000002
1 -0.000001
1 -0.000053
1 -0.000024
1 0.000349
1 -0.000003
1 -0.000010
1 0.000017
1 0.000161
1 0.000002
1 -0.000053
1 0.000119
1 0.000002
1 0.000009
1 0.000010
1 0.000018
1 -0.000026
1 -0.000038
1 -0.000001
1 -0.000000
1 0.000004
1 0.000003
1 0.000045
1 0.000110
1 0.000027
1 0.000500
1 0.000597
1 -0.000043
1 -0.000001
1 0.000031
1 0.000016
1 -0.000006
1 0.000009
1 0.000040
1 0.000098
1 0.000041
1 -0.000001
1 -0.000084
1 -0.000051
1 0.000021
1 -0.000435
1 0.000050
1 0.000148
1 0.000059
1 0.000150
1 0.000494
1 -0.000012
1 0.000008
1 0.000045
1 0.000033
1 0.000016
1 -0.000062
1 0.000028
1 -0.000015
1 0.000018
1 0.000217
1 -0.000035
1 0.000075
1 0.000041
1 0.000001
1 0.000000
1 0.000061
1 -0.000135
1 0.000000
1 0.000087
1 -0.000019
1 0.000074
1 0.000298
1 0.000000
1 0.000389
1 0.000019
1 0.000147
1 0.000008
1 -0.000092
1 0.000001
1 -0.000056
1 0.000123
1 0.000009
1 0.000074
1 0.000031
1 -0.000000
1 -0.000004
1 0.000001
1 0.000049
1 -0.000266
1 0.000000
1 0.000050
1 -0.000036
1 -0.000110
1 -0.000136
1 -0.000005
1 0.000209
1 0.000035
1 0.000051
1 0.000002
1 0.000030
1 0.000046
1 -0.000016
1 -0.000127
1 -0.000006
1 0.000081
1 0.000052
1 -0.000038
1 0.000012
1 -0.000003
1 0.000005
1 0.000037
1 0.000026
1 0.000041
1 0.000374
1 -0.000050
1 0.000003
1 0.000041
1 0.000005
1 0.000037
1 0.000008
1 0.000076
1 0.000027
1 0.000004
1 0.000043
1 0.000021
1 0.000010
1 0.000030
1 0.000142
1 -0.000023
1 -0.000022
1 0.000182
1 -0.000670
1 0.000021
1 -0.000023
1 -0.000003
1 -0.000079
1 0.000073
1 0.000209
1 -0.000007
1 0.000127
1 0.000162
1 -0.000005
1 -0.000036
1 -0.000005
1 0.000185
1 -0.000004
1 0.000607
1 -0.000544
1 -0.000039
1 0.000000
1 0.000418
1 0.000273
1 0.000043
1 0.000033
1 0.000036
1 -0.000026
1 0.000043
1 -0.000003
1 -0.000008
1 0.000059
1 -0.000005
1 0.000453
1 0.000228
1 0.000550
1 0.000057
1 0.000036
1 0.000148
1 0.000004
1 0.000013
1 0.000101
1 -0.000006
1 -0.000004
1 0.000301
1 -0.000051
1 0.000115
1 0.000020
1 -0.000031
1 0.000015
1 0.000008
1 0.000164
1 -0.000349
1 -0.000040
1 -0.000025
1 0.000049
1 0.000026
1 -0.000183
1 0.000027
1 0.000047
1 -0.000021
1 0.000030
1 0.000151
1 -0.000016
1 0.000087
1 0.000028
1 0.000043
1 0.000012
1 0.000022
1 0.000042
1 0.000040
1 0.000040
1 -0.000009
1 0.000148
1 -0.000080
1 0.000031
1 0.000458
1 0.000023
1 -0.000001
1 0.000108
1 -0.000004
1 -0.000000
1 0.000149
1 0.000016
1 0.000280
1 0.000237
1 -0.000003
1 0.000041
1 -0.000130
1 0.000008
1 0.000217
1 -0.000059
1 0.000084
1 0.000034
1 -0.000047
1 0.000074
1 0.000014
1 0.000241
1 -0.000105
1 0.000028
1 -0.000002
1 0.000003
1 0.000005
1 0.000008
1 0.000008
1 -0.000004
1 -0.000005
1 0.000005
1 0.000035
1 -0.000016
1 0.000020
1 0.000008
1 0.000111
1 -0.000023
1 0.000136
1 0.001179
1 0.000136
1 -0.000001
1 0.000106
1 0.000054
1 -0.000003
1 0.000006
1 -0.000004
1 0.000015
1 0.000003
1 -0.000003
1 0.000063
1 0.000015
1 0.000001
1 0.000029
1 -0.000094
1 0.000011
1 0.000014
1 0.000004
1 0.000173
1 -0.000003
1 -0.000002
1 0.000027
1 0.000034
1 0.000048
1 0.000081
1 0.000007
1 0.000059
1 0.000190
1 -0.000164
1 0.000029
1 -0.000002
1 0.000011
1 -0.000104
1 0.000008
1 -0.000214
1 0.000034
1 0.000003
1 0.000129
1 -0.000017
1 0.000000
1 0.000008
1 0.000072
1 0.000159
1 0.000000
1 0.000009
1 0.000206
1 0.000010
1 0.000002
1 0.000026
1 -0.000000
1 0.000393
1 0.000501
1 -0.000022
1 -0.000028
1 -0.000006
1 -0.000004
1 0.000017
1 0.000115
1 -0.000029
1 -0.000007
1 0.000066
1 -0.000001
1 0.000028
1 -0.000005
1 0.000101
1 0.000001
1 0.000023
1 0.000093
1 -0.000000
1 0.000032
1 0.000016
1 0.000000
1 0.000026
1 0.000011
1 -0.000003
1 0.000039
1 0.000857
1 0.000001
1 0.000004
1 0.000139
1 0.000013
1 0.000023
1 -0.000004
1 0.000024
1 0.000020
1 0.000024
1 0.000075
1 0.000028
1 0.000049
1 0.000000
1 -0.000125
1 0.000057
1 0.000416
1 0.000052
1 0.000009
1 0.000175
1 0.000086
1 0.000177
1 0.000156
1 -0.000364
1 0.000053
1 0.000007
1 0.000079
1 0.000055
1 -0.000315
1 -0.000005
1 -0.000000
1 0.000187
1 0.000275
1 0.000137
1 -0.000005
1 0.000003
1 0.000029
1 -0.000005
1 0.000070
1 -0.000024
1 -0.000002
1 -0.000005
1 0.000003
1 0.000086
1 0.000008
1 -0.000023
1 0.000079
1 0.000024
1 0.000624
1 -0.000004
1 -0.000008
1 0.000278
1 0.000012
1 -0.000029
1 0.000106
1 0.000051
1 0.000036
1 -0.000001
1 -0.000001
1 -0.000013
1 -0.000251
1 0.000100
1 0.000269
1 -0.000008
1 0.000002
1 -0.000029
1 0.000149
1 -0.000106
1 0.000053
1 0.000035
1 0.000324
1 0.000257
1 -0.000008
1 0.000102
1 0.000005
1 -0.000046
1 -0.000009
1 0.000365
1 0.000044
1 -0.000016
1 0.000061
1 0.000007
1 0.000016
1 -0.000249
1 0.000016
1 -0.000022
1 0.000286
1 0.000014
1 0.000027
1 0.000009
1 0.000018
1 0.000047
1 -0.000003
1 0.000006
1 0.000018
1 0.000064
1 0.000009
1 0.000028
1 0.000002
1 0.000048
1 0.000101
1 0.000062
1 0.000153
1 -0.000010
1 -0.000001
1 -0.000120
1 0.000040
1 -0.000010
1 0.000042
1 0.000003
1 0.000401
1 0.000040
1 0.000221
1 0.000011
1 0.000046
1 0.000004
1 -0.000013
1 -0.000122
1 0.000206
1 0.000018
1 0.000010
1 0.000007
1 -0.000015
1 -0.000009
1 0.000013
1 0.000013
1 0.000005
1 0.000022
1 0.000044
1 0.000031
1 -0.000015
1 -0.000094
1 0.000409
1 -0.000016
1 0.000174
1 0.000000
1 0.000065
1 -0.000013
1 -0.000011
1 0.000021
1 -0.000132
1 -0.000011
1 0.000121
1 0.000479
1 0.000024
1 -0.000002
1 0.000026
1 0.000098
1 0.000040
1 0.000112
1 -0.000084
1 -0.000071
1 0.000015
1 0.000041
1 0.000000
1 -0.000398
1 0.000087
1 0.000285
1 0.000007
1 0.000018
1 -0.000037
1 -0.000004
1 0.000020
1 0.000007
1 0.000712
1 0.000027
1 0.000040
1 0.000255
1 0.000045
1 0.000000
1 0.000021
1 0.000056
1 0.000019
1 -0.000006
1 0.000081
1 -0.000043
1 0.000637
1 0.000033
1 -0.000020
1 0.000000
1 -0.000018
1 -0.000194
1 0.000107
1 0.000002
1 -0.000009
1 -0.000008
1 -0.000008
1 0.000018
1 -0.000050
1 0.000079
1 -0.000018
1 -0.000010
1 0.000066
1 -0.000015
1 0.000094
1 0.000181
1 0.000003
1 0.000041
1 -0.000001
1 0.000120
1 0.000002
1 -0.000255
1 0.000020
1 -0.000012
1 -0.000001
1 -0.000010
1 0.000023
1 0.000000
1 -0.000007
1 0.000002
1 0.000403
1 -0.000006
1 -0.000008
1 0.000004
1 0.000201
1 0.000046
1 -0.000155
1 0.000001
1 0.000076
1 -0.000004
1 0.000023
1 0.000102
1 -0.000256
1 -0.000032
1 0.000284
1 -0.000199
1 -0.000006
1 0.000297
1 -0.000003
1 0.000248
1 0.000080
1 0.000007
1 0.000012
1 0.000004
1 -0.000492
1 0.000020
1 0.000130
1 0.000022
1 0.000006
1 -0.000041
1 -0.000081
1 0.000006
1 0.000001
1 0.000025
1 -0.000026
1 0.000019
1 -0.000246
1 0.000017
1 0.000007
1 0.000054
1 -0.000062
1 0.000041
1 0.000023
1 0.000010
1 0.000000
1 0.000053
1 -0.000008
1 0.000117
1 0.000211
1 0.000020
1 0.000373
1 -0.000019
1 0.000005
1 -0.000186
1 -0.000023
1 0.000018
1 0.000039
1 0.000000
1 0.000035
1 0.000211
1 0.000001
1 -0.000013
1 0.000011
1 -0.000005
1 0.000005
1 -0.000031
1 0.000255
1 0.000196
1 -0.000029
1 -0.000007
1 -0.000010
1 0.000004
1 -0.000003
1 0.000049
1 0.000014
1 0.000005
1 0.000111
1 0.000146
1 0.000084
1 0.000160
1 -0.000210
1 0.000040
1 -0.000189
1 -0.000123
1 0.000037
1 0.000112
1 -0.000296
1 0.000040
1 0.000065
1 -0.000027
1 -0.000249
1 0.000001
1 0.000023
1 0.000457
1 0.000181
1 0.000100
1 0.000048
1 0.000000
1 0.000040
1 0.000001
1 0.000009
1 0.000034
1 0.000008
1 -0.000015
1 0.000016
1 0.000075
1 -0.000007
1 0.000316
1 0.000029
1 0.000003
1 0.000006
1 0.000038
1 0.000057
1 0.000023
1 -0.000027
1 -0.000117
1 0.000000
1 0.000018
1 0.000005
1 -0.000051
1 0.000107
1 0.000276
1 -0.000340
1 -0.000005
1 0.000030
1 -0.000009
1 -0.000005
1 0.000188
1 -0.000034
1 -0.000063
1 0.000050
1 0.000002
1 -0.000072
1 0.000058
1 0.000090
1 -0.000052
1 0.000074
1 -0.000038
1 0.000054
1 0.000132
1 0.000021
1 -0.000079
1 0.000084
1 -0.000021
1 0.000038
1 0.000002
1 -0.000000
1 0.000026
1 -0.000122
1 0.000012
1 0.000116
1 0.000067
1 -0.000076
1 -0.000471
1 0.000271
1 0.000041
1 0.000103
1 -0.000001
1 0.000245
1 0.000010
1 0.000045
1 0.000055
1 -0.000098
1 0.000114
1 0.000294
1 0.000017
1 0.000006
1 0.000016
1 -0.000040
1 0.000042
1 0.000149
1 -0.000005
1 -0.000031
1 0.000041
1 0.000002
1 -0.000055
1 0.000309
1 0.000035
1 -0.000020
1 0.000177
1 -0.000018
1 0.000211
1 0.000065
1 0.000055
1 0.000032
1 0.000246
1 -0.000016
1 -0.000006
1 0.000001
1 0.000026
1 0.000005
1 0.000022
1 0.000011
1 -0.000404
1 0.000011
1 0.000214
1 0.000223
1 0.000051
1 0.000077
1 0.000001
1 -0.000251
1 -0.000004
1 0.000001
1 0.000006
1 -0.000031
1 0.000017
1 0.000173
1 -0.000011
1 0.000260
1 0.000167
1 0.000037
1 0.000249
1 0.000010
1 -0.000006
1 -0.000065
1 0.000029
1 0.001189
1 0.000042
1 0.000210
1 -0.000022
1 -0.000162
1 0.000352
1 0.000013
1 -0.000003
1 0.000062
1 0.000115
1 -0.000005
1 -0.000023
1 0.000009
1 0.000080
1 0.000097
1 0.000041
1 0.000231
1 0.000052
1 0.000016
1 0.000071
1 0.000071
1 -0.000124
1 -0.000045
1 0.000052
1 0.000016
1 0.000169
1 0.000050
1 0.000001
1 0.000787
1 0.000014
1 0.000003
1 -0.000224
1 0.000394
1 -0.000005
1 0.000030
1 0.000017
1 -0.000002
1 0.000140
1 0.000002
1 0.000000
1 0.000020
1 0.000299
1 0.000028
1 0.000000
1 0.000337
1 -0.000568
1 0.000000
1 -0.000096
1 0.000118
1 -0.000013
1 0.000236
1 0.000184
1 0.000282
1 0.000022
1 0.000025
1 0.000514
1 0.000003
1 0.000065
1 -0.000026
1 -0.000064
1 0.000021
1 -0.000026
1 0.000004
1 -0.000005
1 -0.000081
1 0.000003
1 0.000027
1 -0.000012
1 -0.000046
1 -0.000117
1 0.000064
1 0.000045
1 0.000120
1 0.000213
1 0.000000
1 0.000026
1 -0.000040
1 0.000001
1 0.000076
1 0.000007
1 0.000152
1 0.000145
1 -0.000045
1 0.000005
1 0.000001
1 0.000027
1 -0.000015
1 0.000059
1 -0.000667
1 -0.000029
1 0.000561
1 0.000045
1 0.000275
1 0.000074
1 0.000022
1 -0.000003
1 0.000086
1 -0.000004
1 -0.000096
1 -0.000001
1 0.000057
1 0.000004
1 -0.000002
1 0.000087
1 -0.000374
1 0.000005
1 0.000016
1 0.000028
1 0.000562
1 0.000431
1 0.000018
1 -0.000110
1 -0.000126
1 0.000002
1 -0.000028
1 0.000000
1 0.000107
1 -0.000342
1 -0.000022
1 0.000097
1 -0.000131
1 0.000225
1 -0.000373
1 0.000180
1 0.000003
1 0.000019
1 0.000441
1 -0.000021
1 -0.000248
1 -0.000005
1 0.000010
1 0.000189
1 0.000010
1 -0.000190
1 0.000041
1 -0.000010
1 0.000044
1 0.000111
1 0.000096
1 -0.001047
1 0.000368
1 -0.000053
1 0.000234
1 -0.000002
1 0.000058
1 -0.000003
1 -0.000040
1 0.000018
1 -0.000023
1 0.000032
1 0.000098
1 -0.000030
1 0.000044
1 -0.000002
1 0.000071
1 0.000008
1 0.000029
1 -0.000062
1 0.000295
1 -0.000089
1 -0.000171
1 -0.000671
1 0.000056
1 0.000012
1 0.000002
1 0.000045
1 0.000014
1 -0.000000
1 0.000540
1 0.000014
1 0.000019
1 0.000006
1 0.000009
1 0.000245
1 -0.000163
1 0.000063
1 0.000011
1 -0.000179
1 -0.000008
1 0.000050
1 -0.000049
1 0.000031
1 -0.000037
1 0.000010
1 -0.000008
1 0.000004
1 0.000016
1 -0.000401
1 -0.000133
1 -0.000037
1 -0.000052
1 0.000039
1 -0.000099
1 -0.000009
1 0.000062
1 0.000031
1 -0.000013
1 -0.000964
1 0.000030
1 -0.000000
1 0.000004
1 0.000009
1 0.000024
1 0.000141
1 0.000022
1 0.000157
1 0.000038
1 0.000000
1 0.000078
1 -0.000008
1 0.000012
1 0.000008
1 0.000027
1 -0.000003
1 -0.000324
1 -0.000088
1 0.000060
1 0.000574
1 0.000043
1 -0.000015
1 0.000095
1 0.000002
1 0.000069
1 -0.000054
1 0.000016
1 -0.000030
1 0.000016
1 -0.000004
1 0.000030
1 -0.000022
1 0.000042
1 0.000012
1 0.000013
1 0.000002
1 0.000013
1 0.000383
1 0.000011
1 0.000092
1 0.000001
1 0.000005
1 -0.000003
1 0.000033
1 0.000033
1 0.000019
1 0.000162
1 -0.000013
1 0.000099
1 0.000030
1 0.000016
1 0.000055
1 -0.000001
1 0.000255
1 0.000015
1 -0.000004
1 0.000189
1 -0.000049
1 0.000000
1 0.000036
1 0.000012
1 0.000049
1 -0.000143
1 -0.000012
1 0.000000
1 -0.000046
1 -0.000722
1 0.000131
1 0.000039
1 -0.000021
1 0.000019
1 0.000135
1 -0.000009
1 -0.000012
1 -0.000040
1 -0.000154
1 0.000012
1 0.000064
1 0.000100
1 -0.000122
1 0.000052
1 0.000001
1 0.000096
1 0.000002
1 0.000010
1 -0.000020
1 0.000033
1 -0.000109
1 -0.000079
1 -0.000051
1 0.000046
1 0.000009
1 -0.000028
1 -0.000007
1 0.000217
1 0.000057
1 0.000460
1 -0.000003
1 0.000214
1 0.000031
1 -0.000011
1 0.000186
1 -0.000028
1 -0.000006
1 0.000019
1 0.000032
1 0.000337
1 -0.000020
1 -0.000014
1 0.000004
1 0.000024
1 0.000072
1 0.000034
1 -0.000058
1 0.000029
1 0.000365
1 0.000060
1 0.000002
1 0.000049
1 0.000014
1 0.000009
1 -0.000019
1 0.000050
1 0.000025
1 0.000006
1 0.000009
1 -0.000020
1 0.000001
1 0.000101
1 0.000023
1 0.000010
1 -0.000158
1 -0.000010
1 0.000112
1 0.000123
1 0.000010
1 0.000030
1 -0.000136
1 0.000161
1 0.000066
1 0.000000
1 -0.000094
1 0.000063
1 0.000029
1 0.000002
1 -0.000016
1 0.000000
1 0.000002
1 -0.000058
1 0.000567
1 0.000039
1 0.000007
1 0.000003
1 0.000098
1 -0.000026
1 -0.000120
1 0.000000
1 0.000597
1 -0.000040
1 0.000131
1 0.000015
1 -0.000006
1 -0.000004
1 0.000000
1 0.000067
1 0.000043
1 0.000004
1 -0.000033
1 0.000012
1 0.000111
1 0.000372
1 -0.000020
1 0.000007
1 -0.000010
1 0.000002
1 -0.000035
1 0.000012
1 -0.000001
1 0.000094
1 -0.000002
1 0.000161
1 -0.000001
1 0.000014
1 -0.000258
1 0.000063
1 -0.000073
1 -0.000001
1 0.000143
1 0.000015
1 -0.000008
1 -0.000005
1 0.000040
1 0.000320
1 -0.000037
1 -0.000050
1 0.000017
1 -0.000024
1 0.000034
1 0.000149
1 0.000022
1 -0.000003
1 0.000012
1 0.000003
1 0.000041
1 0.000157
1 -0.000556
1 0.000399
1 -0.000002
1 0.000067
1 0.000043
1 -0.000002
1 0.000002
1 -0.000012
1 -0.000005
1 0.000397
1 0.000032
1 -0.000004
1 0.000325
1 -0.000000
1 0.000153
1 0.000004
1 0.000020
1 0.000010
1 0.000321
1 0.000026
1 0.000101
1 -0.000014
1 0.000003
1 -0.000078
1 -0.000085
1 0.000035
1 -0.000031
1 -0.000007
1 -0.000232
1 -0.000204
1 0.000009
1 -0.000309
1 0.000080
1 -0.000006
1 0.000341
1 0.000225
1 -0.000020
1 0.000002
1 -0.000073
1 0.000007
1 -0.000148
1 0.000075
1 -0.000011
1 -0.000004
1 0.000014
1 0.000000
1 0.000003
1 -0.000030
1 -0.000002
1 0.000007
1 0.000526
1 -0.000001
1 0.000045
1 -0.000095
1 0.000005
1 0.000087
1 0.000152
1 0.000025
1 0.000012
1 0.000007
1 0.000422
1 -0.000002
1 0.000045
1 0.000027
1 0.000105
1 0.000112
1 -0.000046
1 -0.000008
1 0.000051
1 0.000006
1 0.000075
1 -0.000020
1 0.000014
1 -0.000092
1 0.000083
1 0.000076
1 -0.000000
1 0.000085
1 -0.000970
1 0.000001
1 0.000118
1 0.000295
1 -0.000207
1 0.000032
1 0.000105
1 -0.000018
1 -0.000283
1 0.000002
1 -0.000010
1 -0.000002
1 -0.000010
1 0.000008
1 0.000004
1 0.000013
1 0.000440
1 0.000418
1 0.000001
1 -0.000023
1 0.000005
1 -0.000010
1 -0.000078
1 0.000003
1 0.000010
1 0.000010
1 0.000036
1 -0.000080
1 -0.000018
1 0.000048
1 0.000470
1 -0.000019
1 0.000048
1 -0.000025
1 -0.000102
1 -0.000019
1 0.000002
1 0.000181
1 0.000008
1 0.000024
1 0.000234
1 0.000193
1 0.000009
1 0.000005
1 -0.000099
1 -0.000007
1 0.000038
1 0.000072
1 0.000014
1 -0.000011
1 0.000201
1 0.000352
1 -0.000003
1 0.000076
1 0.000001
1 0.000033
1 0.000235
1 0.000129
1 0.000113
1 -0.000016
1 -0.000022
1 0.000002
1 -0.000020
1 -0.000003
1 0.000279
1 0.000126
1 0.000564
1 0.000044
1 0.000141
1 -0.000041
1 0.000037
1 0.000135
1 0.000024
1 0.000143
1 0.000001
1 0.000039
1 0.000124
1 -0.000007
1 0.000005
1 0.000005
1 0.000008
1 0.000012
1 0.000030
1 0.000011
1 0.000218
1 -0.000011
1 0.000034
1 -0.000283
1 0.000033
1 0.000055
1 0.000606
1 0.000002
1 -0.000010
1 0.000058
1 0.000008
1 0.000017
1 0.000108
1 0.000041
1 0.000146
1 0.000134
1 0.000011
1 0.000009
1 0.000016
1 -0.000001
1 -0.000013
1 0.000011
1 0.000005
1 0.000003
1 0.000016
1 0.000540
1 0.000006
1 0.000113
1 -0.000021
1 0.000742
1 0.000142
1 0.000032
1 0.000200
1 0.000030
1 0.000103
1 0.000237
1 0.000011
1 0.000183
1 0.000170
1 0.000019
1 -0.000041
1 0.000014
1 -0.000002
1 0.000024
1 0.000086
1 0.000012
1 0.000077
1 0.000051
1 0.000027
1 -0.000145
1 0.000016
1 0.000004
1 0.000223
1 0.000000
1 -0.000001
1 -0.000092
1 0.000001
1 0.000044
1 -0.000130
1 -0.000115
1 0.000003
1 0.000091
1 -0.000015
1 -0.000004
1 0.000000
1 0.000008
1 0.000018
1 0.000056
1 0.000003
1 -0.000090
1 0.000079
1 0.000178
1 0.000075
1 0.000434
1 0.000277
1 0.000034
1 0.000213
1 0.000021
1 -0.000025
1 0.000123
1 0.000175
1 -0.000012
1 0.000061
1 -0.000032
1 0.000140
1 -0.000117
1 0.000532
1 -0.000004
1 0.000058
1 0.000044
1 0.000043
1 0.000015
1 0.000005
1 0.000174
1 -0.000402
1 0.000076
1 0.000009
1 0.000031
1 -0.000056
1 -0.000111
1 -0.000167
1 0.000026
1 0.000049
1 -0.000058
1 0.000040
1 -0.000108
1 -0.000037
1 0.000057
1 -0.000079
1 0.000122
1 0.000073
1 0.000163
1 0.000233
1 0.000002
1 -0.000184
1 0.000787
1 0.000016
1 0.000009
1 0.000050
1 0.000039
1 -0.000051
1 0.000015
1 -0.000001
1 0.000036
1 0.000007
1 0.000027
1 0.000031
1 0.000019
1 0.000215
1 0.000165
1 0.000223
1 0.000194
1 0.000010
1 0.000010
1 0.000187
1 0.000022
1 -0.000091
1 0.000022
1 -0.000007
1 -0.000001
1 0.000050
1 0.000026
1 -0.000092
1 -0.000065
1 0.000137
1 0.000099
1 0.000008
1 0.000059
1 0.000022
1 0.000013
1 0.000016
1 0.000065
1 0.000075
1 0.000154
1 0.000137
1 0.000025
1 0.000027
1 0.000351
1 0.000119
1 0.000004
1 0.000001
1 0.000102
1 0.000147
1 0.000125
1 0.000193
1 0.000094
1 0.000098
1 0.000005
1 0.000016
1 -0.000056
1 0.000115
1 0.000000
1 0.000146
1 0.000256
1 -0.000003
1 0.000245
1 0.000000
1 -0.000139
1 -0.000034
1 -0.000024
1 -0.000004
1 0.000028
1 0.000070
1 0.000005
1 0.000102
1 0.000073
1 0.000150
1 0.000287
1 0.000104
1 0.000002
1 0.000078
1 0.000062
1 0.000265
1 0.000002
1 -0.000127
1 0.000441
1 -0.000021
1 0.000006
1 0.000027
1 0.000152
1 -0.000241
1 0.000137
1 -0.000011
1 -0.000001
1 -0.000001
1 0.000004
1 -0.000002
1 0.000321
1 0.000081
1 0.000387
1 0.000022
1 -0.000146
1 -0.000034
1 0.000002
1 -0.000022
1 0.000029
1 0.000099
1 0.000048
1 -0.000018
1 0.000059
1 0.000016
1 -0.000014
1 -0.000000
1 0.000090
1 0.000082
1 0.000021
1 -0.000051
1 0.000010
1 0.000041
1 0.000004
1 0.000279
1 0.000258
1 0.000062
1 0.000145
1 0.000003
1 -0.000050
1 0.000189
1 0.000005
1 0.000001
1 0.000050
1 -0.000005
1 0.000012
1 -0.000013
1 0.000007
1 -0.000011
1 -0.000002
1 -0.000001
1 -0.000004
1 -0.000078
1 -0.000003
1 -0.000000
1 -0.000022
1 0.000039
1 0.000060
1 -0.000039
1 -0.000176
1 -0.000204
1 0.000022
1 0.000009
1 -0.000005
1 0.000038
1 0.000240
1 0.000013
1 -0.000007
1 -0.000011
1 0.000497
1 0.000019
1 0.000008
1 0.000043
1 -0.000009
1 -0.000007
1 -0.000043
1 0.000105
1 0.000031
1 0.000065
1 -0.000126
1 0.000073
1 0.000050
1 0.000004
1 -0.000000
1 0.000007
1 -0.000012
1 -0.000050
1 0.000034
1 -0.000029
1 0.000024
1 0.000083
1 -0.000040
1 -0.000063
1 -0.000016
1 0.000165
1 0.000009
1 0.000017
1 0.000005
1 0.000123
1 0.000000
1 0.000059
1 -0.000048
1 0.000029
1 0.000028
1 0.000032
1 -0.000004
1 -0.000033
1 0.000015
1 0.000149
1 0.000062
1 0.000153
1 -0.000022
1 0.000030
1 0.000025
1 0.000197
1 0.000220
1 0.000123
1 0.000001
1 0.000055
1 0.000846
1 0.000055
1 0.000007
1 0.000014
1 0.000132
1 0.000038
1 -0.000128
1 0.000380
1 0.000080
1 -0.000001
1 0.000018
1 0.000015
1 -0.000001
1 -0.000078
1 0.000025
1 0.000012
1 -0.000010
1 -0.000002
1 -0.000003
1 -0.000090
1 0.000001
1 -0.000001
1 0.000559
1 -0.000055
1 0.000147
1 0.000036
1 0.000000
1 0.000058
1 0.000013
1 0.000000
1 0.000126
1 0.000002
1 0.000039
1 -0.000478
1 0.000515
1 0.000270
1 -0.000002
1 0.000024
1 -0.000018
1 0.000209
1 -0.000004
1 0.000001
1 -0.000013
1 0.000068
1 -0.000000
1 0.000258
1 -0.000012
1 -0.000013
1 -0.000001
1 0.000480
1 -0.000001
1 -0.000022
1 0.000032
1 0.000031
1 -0.000020
1 0.000000
1 -0.000005
1 0.000658
1 0.000034
1 -0.000002
1 0.000001
1 0.000002
1 0.000036
1 0.000416
1 0.000046
1 0.000029
1 0.000101
1 -0.000095
1 0.000230
1 -0.000572
1 0.000008
1 0.000099
1 0.000017
1 0.000007
1 -0.000000
1 0.000184
1 0.000347
1 0.000120
1 0.000054
1 0.000540
1 0.000169
1 0.000008
1 -0.000063
1 0.000081
1 0.000176
1 -0.000001
1 0.000275
1 -0.000003
1 -0.000111
1 0.000071
1 0.000156
1 0.000011
1 0.000004
1 0.000034
1 0.000043
1 -0.000135
1 0.000029
1 0.000025
1 0.000003
1 0.000145
1 0.000028
1 0.000050
1 -0.000024
1 0.000114
1 0.000025
1 0.000037
1 0.000001
1 -0.000242
1 0.000082
1 -0.000091
1 -0.000029
1 -0.000002
1 0.000026
1 0.000110
1 0.000104
1 0.000099
1 -0.000110
1 -0.000010
1 -0.000238
1 0.000228
1 0.000182
1 0.000018
1 0.000068
1 -0.000023
1 -0.000017
1 0.000025
1 0.000069
1 0.000007
1 0.000009
1 0.000250
1 0.000076
1 0.000090
1 -0.000063
1 0.000054
1 0.000029
1 -0.000000
1 -0.000000
1 0.000074
1 0.000109
1 0.000104
1 0.000016
1 0.000030
1 -0.000009
1 0.000009
1 -0.000166
1 0.000022
1 0.000007
1 0.000024
1 -0.000027
1 0.000031
1 0.000653
1 0.000005
1 0.000006
1 0.000006
1 0.000219
1 0.000038
1 -0.000005
1 0.000046
1 -0.000005
1 0.000004
1 0.000048
1 -0.000007
1 -0.000176
1 0.000034
1 -0.000010
1 -0.000056
1 0.000024
1 -0.000046
1 -0.000158
1 -0.000011
1 0.000002
1 0.000056
1 0.000007
1 0.000106
1 0.000007
1 0.000006
1 0.000043
1 0.000003
1 -0.000011
1 -0.000003
1 0.000087
1 0.000075
1 0.000698
1 0.000030
1 0.000404
1 -0.000006
1 -0.000004
1 0.000140
1 -0.000039
1 0.000028
1 0.000006
1 -0.000239
1 0.000164
1 0.000195
1 0.000001
1 0.000174
1 0.000061
1 -0.000150
1 0.000180
1 0.000247
1 -0.000188
1 0.000082
1 0.000006
1 0.000126
1 0.000000
1 0.000127
1 0.000012
1 0.000219
1 0.000102
1 -0.000004
1 0.000028
1 0.000098
1 -0.000009
1 0.000151
1 0.000045
1 -0.000058
1 -0.000278
1 0.000047
1 0.000057
1 0.000001
1 0.000013
1 0.000129
1 0.000042
1 0.000012
1 0.000041
1 -0.000001
1 -0.000029
1 -0.000108
1 0.000108
1 0.000295
1 0.000027
1 -0.000006
1 0.000036
1 0.000022
1 0.000003
1 0.000525
1 0.000034
1 0.000050
1 -0.000043
1 -0.000319
1 0.000169
1 0.000051
1 -0.000004
1 0.000106
1 0.000001
1 0.000000
1 -0.000047
1 0.000094
1 0.000003
1 0.000018
1 0.000003
1 0.000000
1 -0.000002
1 0.000012
1 -0.000133
1 0.000143
1 0.000184
1 0.000196
1 0.000091
1 -0.000002
1 0.000002
1 0.000026
1 0.000063
1 0.000003
1 -0.000050
1 -0.000007
1 0.000393
1 0.000006
1 -0.000133
1 -0.000032
1 0.000086
1 0.000006
1 -0.000099
1 0.000000
1 0.000013
1 0.000148
1 -0.000035
1 -0.000003
1 -0.000017
1 0.000136
1 0.000203
1 -0.000098
1 -0.000017
1 -0.000087
1 0.000015
1 0.000025
1 -0.000030
1 0.000003
1 -0.000086
1 0.000041
1 0.000105
1 0.000007
1 0.000010
1 0.000025
1 0.000128
1 -0.000117
1 0.000005
1 -0.000011
1 0.000044
1 0.000035
1 0.000005
1 0.000059
1 0.000010
1 0.000104
1 0.000304
1 -0.000083
1 -0.000004
1 0.000019
1 0.000009
1 0.000023
1 -0.000006
1 0.000004
1 0.000323
1 0.000249
1 -0.000145
1 -0.000027
1 0.000172
1 0.000009
1 0.000188
1 0.000019
1 0.000004
1 0.000239
1 -0.000023
1 -0.000014
1 0.000013
1 0.000013
1 -0.000007
1 0.000053
1 0.000008
1 0.000036
1 0.000009
1 0.000069
1 -0.001296
1 -0.000039
1 0.000008
1 0.000065
1 0.000024
1 -0.000001
1 0.000009
1 0.000279
1 0.000227
1 -0.000006
1 0.000026
1 -0.000001
1 0.000076
1 0.000532
1 0.000022
1 -0.000032
1 0.000004
1 0.000103
1 0.000024
1 -0.000003
1 0.000009
1 0.000042
1 0.000001
1 0.000897
1 -0.000002
1 0.000031
1 0.000347
1 0.000000
1 0.000016
1 -0.000037
1 0.000006
1 -0.000261
1 -0.000362
1 0.000121
1 0.000237
1 -0.000039
1 0.000025
1 0.000005
1 0.000270
1 0.000160
1 -0.000018
1 0.000079
1 -0.000305
1 0.000004
1 0.000179
1 0.000087
1 0.000016
1 0.000016
1 0.000067
1 0.000009
1 -0.000015
1 0.000187
1 0.000008
1 -0.000008
1 0.000138
1 0.000345
1 0.000020
1 0.000032
1 0.000053
1 0.000006
1 0.000080
1 -0.000062
1 0.000063
1 0.000160
1 0.000118
1 -0.000334
1 0.000803
1 0.000026
1 -0.000215
1 0.000111
1 -0.000005
1 -0.000004
1 -0.000097
1 -0.000011
1 0.000003
1 -0.000004
1 -0.000033
1 0.000094
1 -0.000001
1 -0.000037
1 0.000073
1 0.000013
1 0.000008
1 0.000010
1 0.000008
1 0.000027
1 0.000033
1 0.000074
1 0.000023
1 0.000222
1 -0.000073
1 0.000020
1 -0.000002
1 0.000140
1 0.000020
1 0.000019
1 0.000072
1 -0.000025
1 0.000195
1 -0.000287
1 -0.000046
1 0.000252
1 0.000002
1 0.000012
1 -0.000001
1 0.000028
1 0.000083
1 0.000031
1 0.000085
1 0.000143
1 0.000018
1 -0.000004
1 0.000217
1 -0.000052
1 -0.000050
1 -0.000001
1 0.000052
1 0.000027
1 0.000057
1 -0.000026
1 0.000057
1 0.000095
1 0.000021
1 -0.000027
1 -0.000110
1 0.000073
1 0.000019
1 -0.000002
1 -0.000218
1 0.000066
1 0.000021
1 -0.000009
1 0.000043
1 0.000000
1 0.000635
1 -0.000002
1 -0.000008
1 0.000531
1 -0.000028
1 0.000016
1 -0.000004
1 -0.000013
1 0.000020
1 0.000636
1 0.000058
1 0.000028
1 -0.000009
1 -0.000021
1 -0.000008
1 -0.000034
1 0.000001
1 0.000023
1 0.000855
1 0.000072
1 0.000007
1 0.000003
1 -0.000023
1 -0.000618
1 0.000046
1 0.000010
1 0.000211
1 0.000000
1 -0.000057
1 0.000049
1 0.000056
1 0.000002
1 0.000017
1 0.000011
1 -0.000006
1 -0.000039
1 -0.000001
1 0.000174
1 0.000286
1 0.000055
1 0.000052
1 0.000496
1 0.000047
1 -0.000022
1 0.000106
1 0.000088
1 -0.000001
1 0.000210
1 0.000004
1 0.000210
1 -0.000063
1 0.000040
1 0.000152
1 -0.000010
1 0.000071
1 0.000049
1 0.000122
1 0.000003
1 0.000006
1 0.000018
1 0.000030
1 0.000251
1 0.000013
1 -0.000037
1 -0.000039
1 0.000074
1 -0.000043
1 0.000016
1 0.000038
1 0.000125
1 0.000033
1 0.000082
1 0.000013
1 0.000001
1 0.000006
1 0.000072
1 0.000005
1 0.000111
1 0.000040
1 0.000006
1 0.000151
1 0.000000
1 0.000023
1 0.000053
1 0.000014
1 0.000027
1 0.000016
1 0.000083
1 0.000026
1 0.000265
1 -0.000014
1 0.000042
1 0.000013
1 0.000027
1 0.000000
1 0.000022
1 0.000005
1 0.000003
1 -0.000022
1 -0.000000
1 0.000237
1 0.000010
1 -0.000096
1 0.000010
1 -0.000012
1 0.000020
1 -0.000003
1 -0.000015
1 0.000042
1 0.000008
1 -0.000010
1 -0.000042
1 0.000044
1 -0.000021
1 0.000007
1 0.000104
1 0.000004
1 -0.000008
1 0.000001
1 0.000001
1 -0.000226
1 0.000000
1 0.000149
1 0.000016
1 0.000009
1 0.000007
1 0.000030
1 0.000063
1 -0.000002
1 0.000001
1 0.000006
1 -0.000558
1 0.000002
1 0.000010
1 -0.000011
1 0.000108
1 0.000404
1 0.000130
1 -0.000047
1 -0.000001
1 0.000028
1 0.000021
1 -0.000043
1 0.000059
1 0.000140
1 -0.000128
1 -0.000055
1 0.000246
1 0.000080
1 0.000008
1 0.000677
1 0.000014
1 -0.000035
1 -0.000028
1 0.000011
1 0.000008
1 0.000008
1 0.000010
1 -0.000010
1 0.000186
1 0.000034
1 -0.000001
1 0.000043
1 0.000028
1 0.000000
1 0.000112
1 0.000188
1 0.000301
1 0.000011
1 0.000022
1 -0.000013
1 0.000013
1 0.000020
1 0.000416
1 -0.000000
1 0.000121
1 -0.000426
1 -0.000005
1 0.000008
1 0.000037
1 0.000075
1 0.000023
1 0.000022
1 0.000006
1 -0.000103
1 0.000081
1 0.000011
1 0.000047
1 0.000159
1 0.000076
1 0.000075
1 -0.000023
1 0.000000
1 0.000032
1 0.000131
1 -0.000023
1 0.000033
1 -0.000670
1 0.000000
1 -0.000003
1 0.000030
1 0.000010
1 -0.000011
1 -0.000047
1 0.000020
1 0.000031
1 0.000026
1 -0.000016
1 -0.000067
1 0.000010
1 -0.000199
1 0.000094
1 -0.000027
1 -0.000267
1 0.000026
1 -0.000004
1 0.000061
1 0.000048
1 0.000074
1 0.000118
1 0.000149
1 0.000005
1 0.000002
1 0.000058
1 0.000230
1 -0.000260
1 0.000019
1 0.000004
1 0.000095
1 -0.000069
1 0.000028
1 -0.000006
1 -0.000001
1 -0.000096
1 -0.000158
1 0.000013
1 -0.000028
1 0.000306
1 0.000004
1 -0.000167
1 0.000000
1 0.000087
1 0.000090
1 -0.000001
1 0.000009
1 0.000033
1 0.000111
1 0.000067
1 0.000013
1 0.000025
1 0.000008
1 0.000017
1 0.000285
1 0.000034
1 -0.000075
1 -0.000006
1 -0.000052
1 0.000023
1 0.000026
1 -0.000007
1 0.000087
1 0.000001
1 0.000030
1 0.000100
1 -0.000062
1 0.000016
1 0.000012
1 0.000000
1 0.000182
1 0.000102
1 0.000036
1 0.000018
1 0.000015
1 -0.000081
1 0.000062
1 0.000222
1 0.000009
1 -0.000011
1 0.000050
1 0.000019
1 0.000010
1 0.000114
1 0.000014
1 -0.000006
1 -0.000071
1 0.000056
1 -0.000039
1 -0.000007
1 -0.000234
1 -0.000007
1 0.000008
1 0.000045
1 0.000003
1 0.000156
1 -0.000032
1 0.000144
1 0.000002
1 0.000094
1 -0.000106
1 0.000008
1 0.000001
1 0.000159
1 0.000344
1 0.000028
1 -0.000050
1 0.000003
1 0.000003
1 0.000011
1 0.000084
1 0.000493
1 -0.000519
1 0.000004
1 0.000145
1 -0.000012
1 0.000020
1 -0.000074
1 0.000188
1 0.000075
1 0.000008
1 -0.000134
1 0.000229
1 0.000015
1 -0.000026
1 -0.000028
1 -0.000368
1 -0.000084
1 0.000199
1 0.000056
1 -0.000090
1 0.000049
1 -0.000000
1 0.000049
1 0.000023
1 0.000140
1 0.000034
1 0.000006
1 0.000055
1 -0.000002
1 0.000041
1 -0.000021
1 0.000004
1 -0.000009
1 0.000144
1 0.000013
1 0.000000
1 0.000020
1 -0.000013
1 -0.000023
1 0.000006
1 0.000123
1 0.000006
1 -0.000002
1 -0.000012
1 0.000010
1 0.000017
1 0.000143
1 0.000070
1 -0.000006
1 0.000371
1 0.000012
1 0.000007
1 0.000037
1 0.000079
1 -0.000009
1 -0.000017
1 -0.000004
1 -0.000081
1 0.000028
1 0.000055
1 0.000053
1 0.000038
1 0.000066
1 0.000126
1 0.000030
1 -0.000131
1 0.000002
1 0.000090
1 -0.000014
1 -0.000038
1 0.000113
1 0.000134
1 -0.000040
1 0.000014
1 0.000038
1 0.000125
1 0.000013
1 0.000016
1 0.000013
1 0.000005
1 -0.000182
1 0.000008
1 -0.000052
1 0.000069
1 0.000069
1 -0.000005
1 -0.000131
1 0.000028
1 -0.000015
1 -0.000010
1 0.000004
1 0.000282
1 0.000020
1 0.000023
1 -0.000024
1 0.000004
1 0.000032
1 0.000186
1 0.000006
1 0.000076
1 0.000002
1 0.000015
1 0.000005
1 -0.000029
1 -0.000163
1 0.000097
1 0.000122
1 -0.000066
1 0.000027
1 -0.000009
1 0.000012
1 0.000008
1 0.000130
1 0.000021
1 -0.000155
1 0.000101
1 0.000230
1 0.000349
1 -0.000063
1 0.000012
1 0.000059
1 0.000045
1 0.000071
1 -0.000051
1 -0.000153
1 -0.000008
1 0.000028
1 0.000004
1 -0.000005
1 0.000021
1 -0.000003
1 0.000111
1 0.000015
1 0.000178
1 0.000093
1 0.000000
1 0.000010
1 0.000002
1 -0.000032
1 -0.000001
1 0.000111
1 0.000030
1 0.000004
1 0.000043
1 0.000007
1 -0.000044
1 0.000034
1 -0.000138
1 0.000033
1 0.000028
1 -0.000053
1 0.000475
1 0.000139
1 0.000006
1 0.000037
1 -0.000103
1 -0.000008
1 0.000019
1 0.000008
1 0.000024
1 0.000117
1 0.000163
1 0.000000
1 -0.000021
1 0.000030
1 -0.000002
1 0.000001
1 0.000006
1 -0.000001
1 0.000021
1 0.000004
1 0.000032
1 0.000015
1 0.000023
1 0.000007
1 -0.000015
1 0.000013
1 -0.000006
1 -0.000012
1 0.000004
1 0.000066
1 -0.000001
1 -0.000012
1 0.000015
1 -0.000005
1 0.000004
1 0.000020
1 0.000007
1 0.000021
1 0.000160
1 0.000012
1 -0.000001
1 -0.000003
1 0.000008
1 0.000035
1 -0.000005
1 0.000169
1 -0.000055
1 0.000050
1 0.000232
1 0.000174
1 0.000008
1 0.000008
1 0.000078
1 0.000209
1 -0.000057
1 0.000028
1 0.000041
1 0.000001
1 0.000160
1 -0.000014
1 -0.000047
1 -0.000001
1 0.000016
1 -0.000003
1 0.000002
1 0.000003
1 -0.000005
1 -0.000001
1 0.000026
1 -0.000041
1 0.000033
1 -0.000003
1 0.000413
1 -0.000021
1 -0.000024
1 0.000003
1 0.000031
1 0.000150
1 0.000066
1 -0.000083
1 -0.000009
1 0.000519
1 -0.000045
1 -0.000050
1 -0.000013
1 0.000042
1 -0.000005
1 0.000008
1 -0.000025
1 -0.000003
1 -0.000001
1 0.000009
1 0.000061
1 -0.000026
1 0.000134
1 0.000019
1 -0.000006
1 0.000010
1 -0.000041
1 -0.000004
1 0.000040
1 -0.000054
1 -0.000012
1 -0.000001
1 0.000080
1 -0.000306
1 0.000288
1 -0.000290
1 0.000056
1 0.000057
1 0.000005
1 0.000058
1 0.000117
1 0.000024
1 0.000060
1 0.000002
1 0.000136
1 0.000010
1 0.000043
1 0.000031
1 -0.000017
1 0.000008
1 -0.000036
1 0.000059
1 0.000071
1 0.000042
1 0.000001
1 0.000475
1 0.000010
1 0.000004
1 0.000098
1 -0.000005
1 -0.000001
1 -0.000025
1 0.000896
1 0.000016
1 0.000042
1 -0.000060
1 -0.000011
1 -0.000113
1 0.000002
1 0.000187
1 0.000031
1 0.000129
1 -0.000001
1 0.000001
1 0.000000
1 -0.000011
1 0.000022
1 0.000007
1 -0.000014
1 0.000011
1 0.000357
1 0.000004
1 -0.000003
1 -0.000002
1 0.000024
1 -0.000114
1 0.000240
1 0.000087
1 0.000018
1 -0.000048
1 0.000005
1 0.000496
1 -0.000003
1 -0.000036
1 -0.000323
1 0.000097
1 -0.000005
1 0.000000
1 0.000043
1 0.000032
1 0.000001
1 0.000006
1 0.000011
1 -0.000036
1 -0.000070
1 -0.000043
1 0.000145
1 -0.000005
1 0.000159
1 0.000034
1 -0.000061
1 -0.000006
1 0.000229
1 0.000005
1 0.000024
1 -0.000037
1 0.000248
1 0.000403
1 -0.000054
1 0.000044
1 -0.000033
1 0.000022
1 0.000019
1 -0.000070
1 0.000022
1 0.000001
1 0.000001
1 0.000014
1 0.000613
1 -0.000007
1 -0.000011
1 0.000017
1 0.000090
1 -0.000069
1 -0.000088
1 0.000051
1 0.000012
1 -0.000001
1 0.000312
1 0.000086
1 0.000017
1 -0.000124
1 -0.000038
1 -0.000000
1 -0.000018
1 -0.000218
1 -0.000005
1 -0.000023
1 -0.000035
1 -0.000015
1 0.000002
1 -0.000004
1 0.000077
1 0.000047
1 0.000035
1 0.000005
1 0.000059
1 0.000034
1 0.000025
1 -0.000429
1 0.000121
1 0.000020
1 0.000061
1 0.000026
1 0.000013
1 -0.000059
1 0.000003
1 0.000013
1 0.000006
1 -0.000220
1 0.000109
1 0.000122
1 0.000010
1 0.000007
1 0.000089
1 0.000270
1 0.000056
1 0.000019
1 0.000064
1 -0.000004
1 0.000055
1 0.000073
1 0.000001
1 -0.000189
1 0.000048
1 0.000018
1 -0.000000
1 -0.000013
1 0.000008
1 0.000025
1 -0.000000
1 0.000009
1 0.000119
1 0.000026
1 -0.000143
1 -0.000007
1 0.000079
1 0.000003
1 0.000159
1 -0.000322
1 0.000030
1 0.000037
1 0.000000
1 0.000010
1 0.000173
1 -0.000022
1 0.000138
1 -0.000001
1 0.000000
1 0.000015
1 0.000016
1 0.000530
1 0.000427
1 -0.000023
1 0.000011
1 -0.000123
1 0.000014
1 -0.000000
1 0.000005
1 0.000057
1 0.000121
1 0.000005
1 -0.000044
1 0.000102
1 -0.000114
1 0.000019
1 0.000092
1 0.000016
1 0.000010
1 0.000005
1 0.000154
1 0.000008
1 0.000037
1 0.000247
1 -0.000018
1 0.000132
1 0.000644
1 0.000113
1 0.000091
1 -0.000018
1 -0.000004
1 0.000158
1 -0.000097
1 0.000124
1 0.000020
1 0.000004
1 0.000209
1 -0.000003
1 0.000002
1 -0.000016
1 0.000258
1 -0.000013
1 -0.000007
1 0.000006
1 0.000023
1 -0.000001
1 0.000084
1 -0.000036
1 0.000269
1 0.000046
1 -0.000019
1 -0.000005
1 0.000087
1 0.000002
1 0.000027
1 -0.000568
1 0.000017
1 0.000000
1 0.000179
1 -0.000033
1 0.000000
1 0.000003
1 -0.000190
1 0.000299
1 0.000058
1 0.000005
1 -0.000014
1 0.000021
1 0.000033
1 0.000014
1 -0.000110
1 -0.000018
1 0.000043
1 -0.000018
1 0.000081
1 0.000062
1 0.000059
1 0.000191
1 0.000000
1 0.000057
1 -0.000106
1 -0.000001
1 -0.000164
1 -0.000114
1 0.000038
1 0.000004
1 0.000038
1 -0.000023
1 0.000058
1 -0.000214
1 0.000047
1 -0.000052
1 0.000008
1 -0.000031
1 -0.000002
1 0.000118
1 0.000001
1 -0.000007
1 0.000034
1 0.000016
1 0.000004
1 0.000000
1 0.000036
1 0.000043
1 -0.000002
1 0.000051
1 0.000044
1 0.000246
1 -0.000130
1 0.000026
1 0.000004
1 -0.000010
1 0.000003
1 -0.000176
1 0.000127
1 0.000081
1 0.000002
1 0.000008
1 -0.000012
1 0.000047
1 0.000143
1 0.000043
1 0.000010
1 -0.000025
1 0.000182
1 0.000002
1 0.000105
1 0.000005
1 -0.000015
1 0.000029
1 0.000033
1 -0.000003
1 0.000004
1 0.000005
1 -0.000034
1 0.000063
1 0.000014
1 0.000067
1 0.000086
1 0.000010
1 0.000035
1 0.000073
1 0.000021
1 0.000018
1 0.000002
1 -0.000007
1 0.000065
1 0.000113
1 -0.000204
1 0.000007
1 -0.000003
1 0.000102
1 0.000671
1 0.000016
1 0.000358
1 0.000049
1 0.000016
1 0.000001
1 -0.000016
1 0.000003
1 -0.000001
1 0.000294
1 -0.000004
1 0.000265
1 0.000119
1 0.000003
1 0.000003
1 -0.000017
1 -0.000009
1 0.000028
1 0.000013
1 -0.000052
1 0.000307
1 -0.000063
1 0.000065
1 0.000006
1 0.000129
1 0.000049
1 0.000035
1 0.000008
1 0.000482
1 -0.000166
1 -0.000018
1 0.000046
1 0.000007
1 0.000010
1 0.000007
1 0.000027
1 -0.000003
1 0.000010
1 0.000269
1 -0.000012
1 0.000014
1 -0.000005
1 0.000017
1 0.000070
1 0.000036
1 -0.000028
1 0.000041
1 0.000234
1 -0.000460
1 0.000013
1 0.000007
1 0.000014
1 -0.000002
1 -0.000012
1 -0.000000
1 0.000234
1 -0.000001
1 0.000036
1 0.000021
1 0.000010
1 0.000168
1 0.000059
1 0.000019
1 -0.000077
1 0.000089
1 0.000002
1 -0.000014
1 -0.000000
1 0.000015
1 0.000365
1 -0.000029
1 0.000019
1 0.000040
1 0.000079
1 0.000082
1 0.000067
1 -0.000009
1 0.000009
1 -0.000096
1 0.000043
1 -0.000286
1 0.000204
1 -0.000023
1 0.000011
1 -0.000005
1 -0.000001
1 0.000018
1 0.000029
1 0.000057
1 0.000085
1 -0.000087
1 -0.000019
1 0.000007
1 0.000004
1 -0.000003
1 0.000051
1 0.000098
1 -0.000026
1 -0.000017
1 0.000341
1 0.000028
1 -0.000062
1 0.000256
1 0.000014
1 0.000000
1 -0.000178
1 -0.000096
1 -0.000002
1 0.000376
1 0.000036
1 0.000000
1 0.000200
1 0.000021
1 0.000017
1 0.000103
1 0.000018
1 -0.000018
1 0.000010
1 0.000078
1 0.000005
1 0.000022
1 0.000016
1 0.000129
1 0.000085
1 -0.000061
1 -0.000043
1 -0.000008
1 0.000032
1 0.000006
1 0.000350
1 0.000023
1 0.000093
1 -0.000023
1 0.000206
1 0.000192
1 0.000240
1 -0.000001
1 0.000114
1 0.000031
1 0.000020
1 0.000002
1 0.000034
1 0.000129
1 -0.000272
1 0.000057
1 0.000016
1 0.000013
1 0.000011
1 -0.000046
1 0.000024
1 0.000110
1 0.000003
1 -0.000025
1 0.000196
1 -0.000091
1 0.000225
1 0.000005
1 0.000028
1 -0.000005
1 -0.000000
1 -0.000015
1 0.000055
1 0.000221
1 -0.000019
1 0.000004
1 -0.000015
1 -0.000076
1 0.000015
1 0.000002
1 0.000004
1 0.000007
1 0.000030
1 0.000301
1 -0.000001
1 -0.000036
1 0.000002
1 0.000010
1 -0.000032
1 0.000002
1 0.000042
1 0.000014
1 -0.000005
1 0.000000
1 0.000007
1 0.000045
1 -0.000994
1 -0.000020
1 -0.000001
1 -0.000024
1 0.000136
1 -0.000086
1 0.000070
1 0.000004
1 0.000335
1 0.000003
1 -0.000019
1 0.000003
1 0.000009
1 0.000014
1 0.000173
1 0.000480
1 -0.000009
1 0.000029
1 -0.000010
1 0.000399
1 0.000000
1 0.000295
1 0.000009
1 -0.000135
1 -0.000043
1 0.000015
1 -0.000089
1 0.000105
1 0.000159
1 0.000098
1 0.000019
1 -0.000020
1 -0.000614
1 -0.000002
1 -0.000006
1 0.000008
1 0.000008
1 -0.000016
1 0.000246
1 0.000052
1 -0.000020
1 -0.000024
1 0.000002
1 0.000091
1 -0.000003
1 0.000040
1 0.000015
1 0.000184
1 0.000071
1 0.000001
1 -0.000003
1 0.000003
1 0.000025
1 0.000260
1 0.000025
1 -0.000007
1 0.000003
1 -0.000106
1 0.000072
1 -0.000001
1 -0.000001
1 0.000061
1 0.000002
1 0.000056
1 0.000018
1 0.000274
1 -0.000005
1 0.000097
1 0.000098
1 0.000058
1 0.000005
1 0.000063
1 -0.000017
1 0.000031
1 0.000015
1 0.000000
1 0.000058
1 0.000452
1 0.000076
1 0.000005
1 0.000039
1 0.000064
1 -0.000442
1 0.000009
1 0.000006
1 -0.000156
1 0.000046
1 0.000018
1 0.000077
1 0.000074
1 0.000231
1 -0.000016
1 0.000026
1 -0.000008
1 0.000208
1 -0.000019
1 0.000031
1 0.000092
1 -0.000001
1 0.000096
1 -0.000005
1 -0.000530
1 0.000087
1 0.000032
1 0.000008
1 0.000062
1 0.000950
1 0.000004
1 0.000079
1 0.000015
1 0.000061
1 0.000027
1 0.000192
1 0.000003
1 0.000025
1 0.000026
1 -0.000012
1 0.000015
1 0.000042
1 0.000061
1 0.000016
1 0.000086
1 0.000133
1 0.000102
1 -0.000000
1 0.000301
1 -0.000001
1 -0.000011
1 -0.000042
1 0.000352
1 -0.000001
1 -0.000250
1 -0.000078
1 0.000006
1 0.000309
1 0.000027
1 0.000014
1 0.000011
1 0.000008
1 -0.000003
1 -0.000357
1 0.000413
1 0.000053
1 0.000013
1 0.000122
1 0.000026
1 0.000095
1 0.000129
1 0.000031
1 0.000035
1 0.000026
1 0.000041
1 0.000002
1 0.000013
1 0.000013
1 -0.000039
1 -0.000183
1 0.000034
1 0.000005
1 0.000057
1 0.000015
1 0.000000
1 0.000431
1 0.000048
1 0.000005
1 0.000023
1 -0.000011
1 0.000174
1 0.000115
1 0.000001
1 -0.000009
1 -0.000158
1 -0.000190
1 0.000098
1 0.000007
1 -0.000233
1 0.000020
1 0.000002
1 -0.000011
1 -0.000024
1 0.000001
1 -0.000010
1 0.000104
1 0.000778
1 -0.000077
1 0.000029
1 0.000061
1 0.000098
1 0.000007
1 -0.000225
1 0.000023
1 0.000244
1 0.000003
1 0.000016
1 0.000002
1 0.000006
1 0.000008
1 0.000002
1 0.000041
1 0.000004
1 0.000003
1 -0.000304
1 -0.000004
1 -0.000003
1 0.000051
1 -0.000609
1 -0.000136
1 -0.000412
1 0.000027
1 0.000129
1 0.000060
1 -0.000032
1 -0.000272
1 0.000047
1 -0.000006
1 0.000181
1 0.000051
1 0.000014
1 0.000018
1 0.000085
1 -0.000013
1 0.000034
1 0.000043
1 0.000002
1 -0.000013
1 0.000006
1 0.000361
1 -0.000019
1 0.000011
1 -0.000035
1 0.000094
1 -0.000006
1 0.000097
1 -0.000033
1 -0.000030
1 0.000001
1 -0.000000
1 -0.000053
1 0.000008
1 -0.000057
1 0.000007
1 -0.000013
1 0.000008
1 0.000122
1 -0.000007
1 0.000000
1 0.000223
1 -0.000012
1 0.000022
1 0.000249
1 0.000901
1 0.000177
1 -0.000016
1 0.000022
1 0.000051
1 -0.000040
1 -0.000071
1 -0.000016
1 -0.000028
1 0.000001
1 0.000026
1 -0.000055
1 -0.000047
1 -0.000000
1 0.000047
1 -0.000063
1 0.000000
1 -0.000029
1 -0.000008
1 0.000029
1 -0.000114
1 -0.000030
1 0.000099
1 -0.000225
1 0.000109
1 0.000131
1 -0.000084
1 0.000013
1 -0.000027
1 0.000073
1 0.000242
1 0.000362
1 0.000011
1 0.000113
1 -0.000002
1 0.000275
1 -0.000022
1 0.000025
1 -0.000056
1 -0.000001
1 0.000723
1 -0.000004
1 0.000023
1 0.000056
1 0.000010
1 0.000046
1 0.000012
1 -0.000007
1 -0.000027
1 -0.000087
1 0.000010
1 -0.000158
1 0.000028
1 0.000042
1 0.000081
1 -0.000026
1 0.000039
1 0.000044
1 -0.000003
1 -0.000132
1 0.000178
1 0.000431
1 -0.000028
1 -0.000026
1 0.000070
1 0.000176
1 0.000065
1 0.000009
1 0.000030
1 0.000036
1 0.000056
1 0.000001
1 0.000098
1 0.000030
1 -0.000103
1 -0.000071
1 0.000094
1 0.000031
1 -0.000001
1 0.000006
1 -0.000415
1 -0.000004
1 0.000085
1 0.000095
1 0.000013
1 0.000022
1 0.000018
1 0.000090
1 0.000005
1 0.000060
1 -0.000020
1 0.000008
1 0.000285
1 0.000023
1 0.000025
1 0.000019
1 -0.000004
1 0.000019
1 -0.000510
1 -0.000005
1 0.000142
1 -0.000051
1 0.000002
1 -0.000006
1 0.000015
1 0.000032
1 0.000155
1 0.000022
1 0.000143
1 0.000005
1 -0.000053
1 0.000111
1 0.000071
1 0.000028
1 0.000087
1 0.000098
1 0.000003
1 -0.000002
1 0.000014
1 0.000566
1 0.000005
1 0.000003
1 0.000062
1 0.000023
1 0.000007
1 0.000002
1 -0.000105
1 -0.000145
1 0.000005
1 0.000030
1 0.000081
1 0.000098
1 -0.000009
1 -0.000128
1 0.000021
1 -0.000002
1 0.000008
1 -0.000075
1 0.000063
1 0.000049
1 -0.000029
1 -0.000052
1 -0.000010
1 -0.000084
1 0.000001
1 -0.000000
1 0.000007
1 -0.000038
1 0.000087
1 0.000004
1 -0.000009
1 0.000044
1 0.000016
1 0.000055
1 -0.000133
1 -0.000016
1 -0.000062
1 0.000040
1 0.000024
1 0.000020
1 0.000047
1 0.000006
1 -0.000014
1 0.000183
1 -0.000109
1 0.000310
1 0.000000
1 0.000013
1 -0.000119
1 0.000043
1 -0.000009
1 0.000059
1 0.000008
1 0.000427
1 0.000223
1 0.000095
1 -0.000051
1 -0.000059
1 0.000000
1 0.000011
1 0.000015
1 0.000024
1 -0.000012
1 0.000013
1 -0.000006
1 0.000001
1 0.000128
1 0.000169
1 0.000008
1 -0.000004
1 -0.000069
1 0.000719
1 -0.000039
1 -0.000014
1 -0.000062
1 0.000021
1 0.000069
1 -0.000019
1 -0.000080
1 0.000445
1 0.000515
1 -0.000001
1 -0.000020
1 0.000030
1 0.000019
1 0.000372
1 0.000052
1 0.000125
1 -0.000002
1 -0.000027
1 0.000093
1 0.000091
1 0.000030
1 0.000308
1 0.000054
1 0.000001
1 0.000007
1 0.000250
1 -0.000089
1 0.000142
1 0.000044
1 0.000133
1 0.000118
1 -0.000016
1 -0.000017
1 0.000033
1 0.000624
1 0.000373
1 0.000041
1 -0.000082
1 0.000002
1 0.000022
1 0.000139
1 0.000018
1 0.000096
1 0.000011
1 -0.000278
1 -0.000228
1 0.000006
1 0.000024
1 -0.000495
1 0.000007
1 0.000003
1 0.000008
1 0.000004
1 0.000049
1 -0.000020
1 0.000001
1 -0.000008
1 -0.000016
1 0.000012
1 0.000005
1 0.000232
1 0.000029
1 0.000435
1 -0.000001
1 -0.000332
1 0.000034
1 0.000020
1 -0.000098
1 0.000079
1 0.000003
1 0.000032
1 -0.000025
1 0.000610
1 0.000027
1 0.000041
1 -0.000098
1 0.000049
1 0.000113
1 0.000005
1 0.000103
1 -0.000083
1 0.000038
1 -0.000011
1 0.000010
1 0.000005
1 -0.000031
1 0.000012
1 -0.000011
1 -0.000152
1 0.000002
1 -0.000009
1 0.000005
1 0.000023
1 0.000052
1 0.000031
1 -0.000093
1 0.000006
1 0.000071
1 0.000000
1 0.000073
1 0.000109
1 0.000003
1 0.000142
1 0.000293
1 0.000004
1 0.000540
1 0.000074
1 0.000027
1 -0.000005
1 -0.000331
1 0.000023
1 0.000027
1 0.000032
1 -0.000028
1 0.000394
1 0.000072
1 0.000021
1 0.000001
1 0.000020
1 -0.000001
1 0.000217
1 -0.000019
1 0.000023
1 0.000047
1 0.000083
1 0.000044
1 0.000033
1 -0.000846
1 0.000023
1 -0.000005
1 0.000373
1 0.000051
1 0.000246
1 -0.000014
1 0.000027
1 0.000112
1 0.000067
1 0.000047
1 -0.000011
1 -0.000029
1 0.000130
1 0.000054
1 0.000139
1 0.000072
1 -0.000084
1 0.000159
1 -0.000115
1 -0.000048
1 -0.000007
1 0.000256
1 0.000288
1 0.000001
1 0.000002
1 -0.000000
1 0.000015
1 -0.000033
1 -0.000123
1 0.000100
1 0.000007
1 0.000587
1 0.000196
1 -0.000009
1 0.000643
1 0.000017
1 -0.000396
1 0.000004
1 -0.000006
1 -0.000028
1 -0.000002
1 0.000202
1 -0.000021
1 0.000013
1 0.000040
1 0.000072
1 -0.000034
1 0.000136
1 0.000002
1 0.000000
1 -0.000137
1 0.000175
1 0.000040
1 0.000056
1 -0.000053
1 0.000021
1 0.000027
1 0.000033
1 0.000304
1 0.000400
1 0.000069
1 0.000006
1 0.000057
1 0.000008
1 0.000031
1 0.000166
1 0.000006
1 -0.000005
1 0.000126
1 -0.000010
1 0.000038
1 -0.000101
1 -0.000025
1 0.000017
1 0.000008
1 0.000496
1 -0.000004
1 -0.000104
1 0.000153
1 0.000524
1 0.000019
1 -0.000020
1 0.000031
1 -0.000000
1 0.000008
1 0.000091
1 0.000027
1 0.000019
1 -0.000043
1 -0.000013
1 0.000075
1 0.000002
1 -0.000001
1 0.000026
1 0.000003
1 0.000002
1 0.000031
1 0.000090
1 0.000355
1 -0.000148
1 0.000006
1 -0.000018
1 0.000423
1 0.000103
1 0.000008
1 -0.000027
1 -0.000081
1 -0.000001
1 -0.000021
1 0.000017
1 0.000007
1 0.000083
1 0.000127
1 -0.000009
1 -0.000003
1 0.000001
1 -0.000291
1 0.000031
1 -0.000003
1 0.000145
1 -0.000017
1 0.000168
1 0.000141
1 -0.000013
1 0.000041
1 -0.000048
1 0.000030
1 0.000046
1 0.000067
1 0.000017
1 0.000196
1 0.000001
1 0.000136
1 -0.000004
1 -0.000075
1 0.000034
1 -0.000006
1 -0.000034
1 0.000005
1 0.000231
1 -0.000038
1 0.000077
1 0.000053
1 0.000087
1 0.000031
1 0.000007
1 -0.000053
1 -0.000010
1 -0.000009
1 0.000077
1 0.000075
1 0.000090
1 -0.000117
1 0.000191
1 0.000208
1 -0.000007
1 0.000153
1 0.000091
1 -0.000343
1 -0.000002
1 0.000023
1 -0.000014
1 0.000012
1 0.000004
1 -0.000004
1 0.000119
1 0.000281
1 0.000087
1 0.000006
1 -0.000000
1 0.000044
1 0.000025
1 -0.000007
1 0.000007
1 -0.000020
1 -0.000033
1 0.000022
1 -0.000009
1 0.000062
1 0.000285
1 0.000017
1 -0.000087
1 0.000008
1 0.000039
1 0.000029
1 0.000019
1 0.000241
1 -0.000005
1 0.000026
1 0.000015
1 -0.000032
1 0.000000
1 -0.000009
1 0.000003
1 0.000132
1 -0.000063
1 0.000076
1 -0.000005
1 0.000133
1 0.000055
1 -0.000044
1 0.000098
1 0.000004
1 -0.000026
1 -0.000332
1 -0.000005
1 0.000145
1 -0.000070
1 0.000013
1 0.000117
1 -0.000239
1 -0.000048
1 0.000418
1 -0.000005
1 -0.000033
1 0.000141
1 0.000018
1 0.000000
1 -0.000022
1 -0.000001
1 0.000039
1 0.000012
1 -0.000289
1 0.000035
1 0.000152
1 0.000071
1 -0.000096
1 -0.001053
1 -0.000003
1 -0.000002
1 0.000007
1 0.000018
1 0.000000
1 0.000481
1 -0.000010
1 0.000021
1 0.000582
1 0.000034
1 0.000049
1 0.000063
1 0.000005
1 -0.000153
1 0.000099
1 -0.000002
1 -0.000007
1 -0.000014
1 -0.000140
1 0.000006
1 0.000161
1 -0.000037
1 0.000005
1 0.000285
1 0.000053
1 0.000005
1 0.000031
1 -0.000024
1 0.000034
1 -0.000163
1 -0.000026
1 0.000019
1 0.000011
1 -0.000021
1 0.000335
1 0.000001
1 0.000002
1 -0.000048
1 0.000016
1 0.000159
1 0.000204
1 0.000021
1 0.000027
1 0.000003
1 0.000257
1 0.000044
1 0.000148
1 0.000013
1 0.000041
1 0.000022
1 -0.000177
1 0.000033
1 0.000049
1 0.000010
1 -0.000010
1 0.000003
1 0.000135
1 0.000242
1 0.000028
1 0.000113
1 0.000000
1 0.000007
1 0.000026
1 0.000123
1 0.000108
1 -0.000017
1 0.000004
1 0.000004
1 0.000008
1 0.000207
1 0.000556
1 0.000006
1 -0.000001
1 0.000019
1 0.000002
1 0.000015
1 0.000050
1 0.000165
1 -0.000034
1 0.000011
1 0.000000
1 0.000139
1 0.000011
1 0.000315
1 0.000027
1 -0.000012
1 -0.000008
1 0.000027
1 0.000051
1 -0.000644
1 0.000004
1 -0.000030
1 -0.000006
1 0.000060
1 0.000032
1 0.000447
1 -0.000009
1 0.000826
1 0.000005
1 0.000372
1 0.000042
1 0.000022
1 0.000004
1 0.000091
1 -0.000072
1 -0.000101
1 0.000059
1 0.000042
1 -0.000108
1 -0.000041
1 -0.000103
1 -0.000021
1 -0.000789
1 -0.000043
1 0.000051
1 0.000016
1 0.000062
1 -0.000024
1 0.000178
1 -0.000098
1 0.000217
1 0.000012
1 0.000153
1 0.000010
1 -0.000102
1 -0.000027
1 0.000053
1 0.000061
1 -0.000015
1 0.000033
1 -0.000021
1 -0.000074
1 0.000079
1 -0.000004
1 0.000057
1 0.000013
1 0.000225
1 -0.000005
1 0.000019
1 0.000008
1 0.000006
1 0.000002
1 -0.000196
1 0.000066
1 0.000003
1 -0.000009
1 -0.000009
1 0.000456
1 0.000018
1 0.000170
1 0.000035
1 0.000030
