1 -0.000332
1 0.000044
1 -0.000036
1 -0.000024
1 -0.000048
1 -0.000008
1 0.000036
1 -0.000004
1 0.000092
1 -0.000014
1 -0.000031
1 -0.000003
1 0.000000
1 0.000081
1 -0.000019
1 -0.000020
1 0.000043
1 -0.000026
1 -0.000015
1 0.000026
1 0.000019
1 0.000052
1 0.000009
1 0.000061
1 -0.000028
1 -0.000009
1 -0.000002
1 0.000135
1 0.000067
1 -0.000006
1 -0.000004
1 0.000016
1 0.000037
1 -0.000111
1 0.000091
1 -0.000065
1 -0.000021
1 -0.000012
1 0.000076
1 -0.000114
1 -0.000084
1 0.000010
1 -0.000044
1 -0.000177
1 -0.000022
1 -0.000042
1 0.000120
1 0.000116
1 -0.000103
1 -0.000033
1 0.000128
1 0.000157
1 0.000067
1 0.000005
1 -0.000018
1 0.000053
1 0.000037
1 0.000048
1 -0.000005
1 0.000002
1 0.000215
1 0.000079
1 0.000029
1 -0.000024
1 -0.000001
1 -0.000082
1 0.000074
1 -0.000221
1 0.000139
1 -0.000046
1 -0.000017
1 -0.000036
1 0.000030
1 0.000005
1 -0.000045
1 -0.000017
1 -0.000016
1 0.000080
1 0.000086
1 0.000000
1 0.000007
1 0.000123
1 0.000103
1 0.000039
1 -0.000045
1 -0.000030
1 -0.000207
1 -0.000007
1 0.000050
1 0.000029
1 0.000093
1 0.000038
1 0.000011
1 0.000028
1 0.000073
1 0.000023
1 -0.000024
1 0.000094
1 0.000015
1 -0.000031
1 -0.000084
1 0.000015
1 0.000091
1 -0.000108
1 0.000011
1 -0.000023
1 0.000028
1 0.000021
1 0.000104
1 0.000007
1 -0.000006
1 -0.000004
1 -0.000031
1 0.000040
1 0.000093
1 0.000052
1 0.000197
1 0.000028
1 -0.000030
1 0.000023
1 0.000116
1 0.000054
1 0.000184
1 0.000023
1 -0.000015
1 0.000019
1 -0.000047
1 0.000156
1 0.000083
1 -0.000028
1 0.000018
1 -0.000020
1 0.000004
1 0.000031
1 -0.000017
1 0.000031
1 -0.000102
1 0.000019
1 0.000019
1 -0.000051
1 -0.000012
1 0.000049
1 -0.000140
1 0.000022
1 0.000017
1 0.000104
1 0.000058
1 -0.000005
1 -0.000029
1 0.000011
1 0.000037
1 0.000131
1 0.000017
1 -0.000020
1 0.000058
1 0.000126
1 0.000046
1 -0.000115
1 0.000037
1 0.000023
1 0.000046
1 -0.000031
1 0.000118
1 -0.000079
1 -0.000005
1 0.000048
1 0.000119
1 0.000106
1 -0.000019
1 0.000046
1 -0.000040
1 -0.000022
1 0.000003
1 0.000094
1 0.000020
1 -0.000021
1 0.000045
1 0.000026
1 -0.000032
1 -0.000073
1 -0.000075
1 0.000206
1 0.000085
1 0.000001
1 -0.000043
1 0.000030
1 -0.000037
1 0.000090
1 0.000123
1 -0.000049
1 -0.000426
1 0.000047
1 0.000009
1 -0.000088
1 0.000022
1 0.000026
1 -0.000003
1 0.000112
1 0.000181
1 0.000035
1 0.000047
1 0.000053
1 0.000063
1 0.000002
1 0.000112
1 0.000022
1 -0.000087
1 0.000016
1 -0.000015
1 -0.000014
1 0.000081
1 -0.000057
1 0.000034
1 0.000023
1 -0.000191
1 -0.000147
1 0.000011
1 0.000048
1 0.000062
1 -0.000084
1 0.000029
1 0.000104
1 0.000001
1 -0.000045
1 0.000083
1 0.000050
1 0.000096
1 0.000038
1 0.000101
1 -0.000006
1 0.000021
1 0.000075
1 0.000010
1 -0.000025
1 -0.000016
1 0.000027
1 0.000092
1 -0.000035
1 -0.000013
1 0.000005
1 -0.000041
1 0.000040
1 0.000071
1 0.000158
1 0.000010
1 -0.000076
1 0.000084
1 0.000084
1 0.000059
1 0.000125
1 0.000051
1 -0.000013
1 0.000033
1 0.000004
1 0.000004
1 0.000009
1 -0.000039
1 0.000048
1 0.000042
1 0.000039
1 -0.000008
1 0.000026
1 0.000043
1 -0.000044
1 0.000017
1 0.000041
1 0.000001
1 -0.000097
1 -0.000065
1 -0.000113
1 0.000003
1 0.000026
1 -0.000017
1 0.000030
1 -0.000076
1 0.000037
1 -0.000022
1 -0.000016
1 0.000300
1 0.000010
1 0.000053
1 0.000036
1 -0.000120
1 -0.000083
1 0.000002
1 -0.000071
1 0.000045
1 -0.000031
1 0.000011
1 0.000011
1 0.000122
1 0.000087
1 0.000029
1 -0.000034
1 0.000020
1 0.000009
1 0.000056
1 0.000005
1 0.000075
1 0.000062
1 0.000007
1 -0.000012
1 -0.000074
1 -0.000108
1 0.000027
1 0.000078
1 0.000008
1 -0.000162
1 -0.000011
1 0.000163
1 0.000018
1 -0.000109
1 -0.000033
1 0.000098
1 -0.000003
1 0.000024
1 -0.000081
1 -0.000023
1 0.000016
1 -0.000006
1 0.000048
1 0.000021
1 -0.000003
1 -0.000053
1 0.000011
1 0.000039
1 -0.000016
1 0.000054
1 0.000010
1 0.000039
1 -0.000041
1 -0.000036
1 -0.000023
1 -0.000059
1 0.000064
1 0.000003
1 0.000015
1 0.000030
1 0.000044
1 0.000264
1 0.000009
1 0.000000
1 0.000114
1 -0.000046
1 -0.000005
1 -0.000051
1 0.000086
1 0.000005
1 0.000026
1 0.000023
1 -0.000067
1 0.000133
1 0.000042
1 0.000010
1 0.000016
1 -0.000008
1 -0.000015
1 0.000229
1 -0.000285
1 -0.000000
1 -0.000083
1 0.000082
1 0.000056
1 0.000165
1 0.000129
1 0.000049
1 0.000075
1 0.000096
1 0.000048
1 0.000179
1 0.000038
1 -0.000009
1 -0.000007
1 -0.000052
1 -0.000043
1 -0.000036
1 0.000002
1 -0.000000
1 0.000065
1 0.000130
1 0.000083
1 0.000126
1 0.000000
1 0.000076
1 0.000010
1 0.000049
1 0.000067
1 -0.000026
1 -0.000044
1 -0.000084
1 0.000086
1 0.000085
1 0.000062
1 0.000075
1 0.000020
1 -0.000094
1 0.000098
1 -0.000122
1 0.000004
1 0.000138
1 0.000029
1 0.000007
1 0.000013
1 -0.000018
1 -0.000084
1 -0.000061
1 0.000092
1 0.000096
1 0.000007
1 -0.000029
1 0.000010
1 -0.000044
1 0.000062
1 0.000033
1 0.000025
1 0.000005
1 0.000031
1 -0.000002
1 0.000265
1 0.000028
1 -0.000041
1 0.000083
1 -0.000015
1 0.000075
1 -0.000011
1 -0.000012
1 -0.000046
1 -0.000061
1 0.000061
1 -0.000049
1 0.000011
1 -0.000006
1 0.000044
1 -0.000054
1 0.000175
1 0.000035
1 0.000007
1 0.000087
1 -0.000013
1 0.000026
1 -0.000015
1 -0.000003
1 -0.000010
1 0.000066
1 -0.000015
1 0.000056
1 0.000027
1 0.000020
1 0.000047
1 0.000043
1 0.000105
1 -0.000003
1 0.000027
1 0.000011
1 0.000037
1 -0.000005
1 0.000041
1 0.000008
1 0.000117
1 0.000031
1 -0.000013
1 -0.000011
1 -0.000002
1 -0.000011
1 0.000098
1 0.000011
1 -0.000031
1 -0.000020
1 0.000006
1 0.000026
1 0.000046
1 0.000038
1 -0.000047
1 0.000097
1 -0.000012
1 0.000070
1 -0.000034
1 0.000130
1 0.000014
1 -0.000010
1 0.000047
1 0.000037
1 0.000006
1 0.000030
1 0.000057
1 -0.000040
1 0.000066
1 0.000007
1 -0.000003
1 -0.000017
1 0.000010
1 0.000061
1 -0.000037
1 0.000046
1 -0.000036
1 0.000161
1 -0.000012
1 0.000129
1 0.000044
1 -0.000076
1 0.000027
1 0.000006
1 0.000048
1 0.000018
1 0.000025
1 -0.000335
1 0.000026
1 0.000035
1 0.000025
1 0.000004
1 0.000010
1 0.000031
1 0.000013
1 0.000030
1 0.000026
1 -0.000041
1 -0.000086
1 0.000051
1 -0.000032
1 0.000054
1 -0.000079
1 0.000091
1 -0.000008
1 0.000022
1 -0.000027
1 -0.000016
1 0.000017
1 0.000095
1 -0.000013
1 0.000086
1 -0.000006
1 0.000022
1 0.000043
1 -0.000027
1 0.000074
1 -0.000089
1 -0.000053
1 -0.000031
1 0.000157
1 -0.000028
1 -0.000032
1 -0.000016
1 0.000011
1 -0.000022
1 -0.000062
1 0.000073
1 0.000015
1 0.000002
1 0.000047
1 0.000011
1 -0.000036
1 -0.000000
1 0.000016
1 -0.000109
1 0.000041
1 -0.000056
1 -0.000001
1 0.000009
1 0.000015
1 0.000002
1 0.000105
1 -0.000038
1 0.000008
1 0.000113
1 0.000072
1 0.000035
1 -0.000062
1 0.000004
1 -0.000120
1 -0.000001
1 0.000025
1 0.000057
1 0.000176
1 -0.000072
1 0.000044
1 0.000001
1 0.000006
1 -0.000035
1 0.000015
1 0.000038
1 -0.000040
1 0.000080
1 0.000058
1 0.000123
1 0.000002
1 0.000029
1 0.000126
1 -0.000004
1 -0.000019
1 -0.000026
1 -0.000009
1 -0.000006
1 0.000020
1 0.000034
1 -0.000030
1 -0.000025
1 0.000070
1 -0.000005
1 -0.000026
1 -0.000085
1 0.000027
1 0.000149
1 -0.000017
1 -0.000045
1 0.000069
1 -0.000013
1 0.000004
1 0.000085
1 0.000045
1 0.000020
1 0.000090
1 0.000069
1 -0.000052
1 0.000010
1 0.000064
1 -0.000011
1 -0.000081
1 -0.000051
1 0.000062
1 0.000061
1 0.000042
1 -0.000017
1 -0.000053
1 0.000081
1 -0.000037
1 0.000100
1 -0.000050
1 0.000012
1 0.000004
1 0.000032
1 0.000003
1 0.000002
1 0.000031
1 0.000010
1 -0.000065
1 0.000050
1 0.000064
1 -0.000019
1 -0.000011
1 -0.000006
1 0.000021
1 -0.000047
1 0.000148
1 0.000015
1 0.000038
1 0.000006
1 0.000091
1 0.000199
1 0.000118
1 0.000001
1 -0.000087
1 0.000037
1 0.000008
1 -0.000000
1 -0.000004
1 0.000029
1 0.000001
1 0.000139
1 0.000014
1 0.000077
1 -0.000012
1 -0.000000
1 -0.000054
1 -0.000034
1 0.000152
1 0.000062
1 0.000136
1 0.000004
1 0.000043
1 -0.000023
1 0.000143
1 -0.000028
1 0.000021
1 -0.000000
1 -0.000008
1 -0.000001
1 0.000082
1 0.000004
1 0.000021
1 0.000031
1 -0.000046
1 0.000033
1 -0.000011
1 0.000023
1 0.000095
1 -0.000070
1 0.000113
1 0.000015
1 -0.000038
1 0.000022
1 0.000038
1 -0.000011
1 0.000143
1 0.000043
1 -0.000001
1 -0.000028
1 -0.000065
1 0.000005
1 -0.000091
1 -0.000049
1 0.000009
1 -0.000049
1 0.000255
1 -0.000009
1 0.000020
1 0.000038
1 -0.000058
1 0.000027
1 0.000005
1 0.000035
1 -0.000003
1 0.000051
1 -0.000020
1 -0.000041
1 -0.000026
1 -0.000047
1 0.000095
1 0.000046
1 0.000005
1 0.000037
1 0.000039
1 -0.000013
1 -0.000160
1 0.000029
1 0.000124
1 0.000115
1 0.000038
1 0.000038
1 0.000005
1 0.000035
1 0.000114
1 0.000178
1 0.000010
1 0.000002
1 0.000037
1 0.000025
1 0.000034
1 0.000120
1 0.000200
1 -0.000087
1 0.000004
1 0.000035
1 -0.000079
1 0.000129
1 0.000067
1 0.000143
1 0.000066
1 0.000019
1 0.000020
1 -0.000085
1 0.000197
1 0.000049
1 0.000061
1 0.000000
1 0.000013
1 -0.000027
1 -0.000016
1 -0.000001
1 0.000016
1 -0.000016
1 0.000003
1 0.000023
1 0.000006
1 -0.000085
1 0.000169
1 -0.000045
1 -0.000007
1 -0.000109
1 0.000013
1 0.000006
1 -0.000032
1 -0.000028
1 0.000017
1 -0.000011
1 -0.000064
1 -0.000006
1 -0.000040
1 -0.000000
1 -0.000010
1 -0.000103
1 -0.000002
1 -0.000034
1 0.000006
1 0.000100
1 0.000044
1 0.000005
1 0.000040
1 0.000148
1 0.000142
1 0.000032
1 0.000008
1 0.000151
1 -0.000002
1 0.000031
1 0.000002
1 -0.000034
1 -0.000062
1 0.000029
1 0.000001
1 -0.000102
1 -0.000023
1 0.000016
1 0.000149
1 0.000002
1 0.000022
1 -0.000017
1 0.000011
1 0.000046
1 -0.000097
1 -0.000067
1 -0.000011
1 0.000038
1 0.000268
1 -0.000033
1 0.000038
1 -0.000051
1 0.000089
1 -0.000002
1 -0.000039
1 0.000027
1 0.000026
1 -0.000045
1 0.000058
1 0.000191
1 0.000013
1 -0.000031
1 -0.000018
1 0.000136
1 0.000097
1 -0.000032
1 0.000169
1 0.000082
1 0.000028
1 0.000053
1 0.000013
1 -0.000028
1 -0.000027
1 -0.000059
1 -0.000052
1 -0.000185
1 0.000039
1 -0.000092
1 0.000103
1 -0.000047
1 -0.000032
1 0.000070
1 0.000053
1 0.000117
1 0.000003
1 -0.000021
1 0.000095
1 0.000028
1 0.000025
1 0.000013
1 0.000023
1 -0.000002
1 -0.000085
1 -0.000110
1 -0.000003
1 -0.000090
1 -0.000003
1 -0.000001
1 -0.000045
1 -0.000025
1 0.000095
1 -0.000051
1 -0.000068
1 0.000145
1 -0.000002
1 0.000159
1 0.000109
1 -0.000023
1 0.000016
1 -0.000017
1 -0.000006
1 0.000008
1 0.000019
1 0.000036
1 -0.000001
1 0.000008
1 -0.000020
1 0.000073
1 0.000015
1 0.000059
1 0.000048
1 0.000185
1 0.000050
1 -0.000045
1 0.000005
1 0.000044
1 -0.000010
1 -0.000052
1 -0.000002
1 -0.000035
1 0.000074
1 0.000025
1 -0.000084
1 0.000012
1 0.000006
1 -0.000043
1 0.000044
1 -0.000004
1 0.000020
1 -0.000048
1 0.000056
1 0.000060
1 0.000060
1 -0.000001
1 0.000040
1 -0.000066
1 0.000068
1 0.000014
1 -0.000037
1 -0.000000
1 -0.000009
1 -0.000044
1 -0.000064
1 0.000010
1 -0.000042
1 0.000044
1 0.000130
1 -0.000023
1 -0.000060
1 0.000031
1 0.000045
1 -0.000009
1 -0.000046
1 0.000064
1 0.000024
1 -0.000042
1 -0.000056
1 0.000043
1 -0.000024
1 0.000002
1 -0.000002
1 -0.000009
1 -0.000022
1 -0.000000
1 0.000021
1 0.000067
1 0.000078
1 0.000068
1 -0.000025
1 0.000136
1 -0.000005
1 0.000056
1 0.000060
1 -0.000004
1 -0.000000
1 -0.000002
1 0.000036
1 -0.000116
1 0.000001
1 -0.000114
1 -0.000002
1 0.000024
1 -0.000024
1 0.000029
1 0.000022
1 0.000087
1 0.000094
1 0.000134
1 -0.000084
1 0.000044
1 0.000017
1 0.000051
1 0.000014
1 0.000073
1 -0.000019
1 0.000069
1 0.000030
1 -0.000015
1 -0.000030
1 -0.000082
1 -0.000005
1 -0.000026
1 -0.000008
1 0.000065
1 -0.000043
1 -0.000197
1 0.000010
1 0.000008
1 0.000068
1 0.000054
1 0.000051
1 -0.000021
1 -0.000020
1 0.000221
1 -0.000078
1 0.000030
1 -0.000007
1 -0.000026
1 -0.000007
1 -0.000002
1 -0.000023
1 0.000015
1 0.000013
1 0.000012
1 -0.000040
1 0.000020
1 0.000035
1 0.000065
1 -0.000023
1 0.000102
1 0.000039
1 0.000072
1 0.000015
1 -0.000017
1 0.000007
1 0.000040
1 0.000035
1 0.000070
1 -0.000018
1 -0.000092
1 0.000091
1 -0.000005
1 0.000148
1 0.000001
1 0.000051
1 0.000004
1 0.000036
1 -0.000126
1 0.000005
1 0.000046
1 0.000095
1 0.000023
1 0.000146
1 0.000023
1 -0.000025
1 0.000116
1 0.000010
1 -0.000035
1 0.000124
1 -0.000010
1 0.000000
1 0.000069
1 -0.000001
1 -0.000002
1 0.000118
1 0.000035
1 0.000052
1 0.000006
1 -0.000057
1 0.000034
1 -0.000007
1 0.000051
1 -0.000035
1 -0.000039
1 0.000043
1 0.000003
1 0.000087
1 0.000157
1 -0.000006
1 0.000016
1 -0.000035
1 0.000069
1 0.000062
1 -0.000018
1 -0.000072
1 -0.000007
1 0.000193
1 0.000005
1 0.000025
1 -0.000043
1 0.000083
1 0.000034
1 0.000020
1 0.000082
1 -0.000007
1 -0.000052
1 -0.000151
1 0.000173
1 -0.000006
1 0.000044
1 -0.000066
1 0.000031
1 0.000036
1 0.000033
1 0.000043
1 0.000117
1 0.000014
1 0.000020
1 0.000029
1 0.000014
1 -0.000028
1 -0.000011
1 -0.000090
1 -0.000005
1 0.000087
1 0.000069
1 -0.000048
1 0.000001
1 0.000048
1 -0.000028
1 -0.000116
1 0.000037
1 -0.000061
1 -0.000069
1 0.000015
1 0.000078
1 0.000039
1 0.000049
1 0.000035
1 0.000045
1 -0.000005
1 -0.000018
1 0.000028
1 0.000060
1 0.000037
1 0.000018
1 0.000099
1 0.000002
1 0.000107
1 -0.000221
1 -0.000032
1 0.000069
1 0.000296
1 0.000052
1 0.000068
1 -0.000025
1 -0.000022
1 0.000042
1 0.000119
1 -0.000004
1 -0.000025
1 0.000034
1 -0.000003
1 -0.000003
1 -0.000063
1 0.000071
1 -0.000025
1 0.000005
1 0.000132
1 0.000161
1 0.000010
1 0.000061
1 0.000246
1 0.000197
1 0.000031
1 0.000027
1 -0.000027
1 0.000001
1 -0.000103
1 -0.000004
1 -0.000006
1 0.000050
1 -0.000031
1 0.000028
1 0.000129
1 0.000065
1 0.000013
1 0.000024
1 0.000063
1 0.000023
1 0.000072
1 0.000006
1 0.000012
1 -0.000040
1 -0.000004
1 -0.000006
1 -0.000005
1 -0.000014
1 0.000046
1 -0.000028
1 -0.000002
1 0.000037
1 -0.000034
1 0.000044
1 0.000000
1 -0.000020
1 -0.000024
1 -0.000021
1 0.000022
1 0.000032
1 0.000026
1 0.000022
1 -0.000004
1 0.000037
1 0.000031
1 0.000002
1 0.000025
1 -0.000037
1 0.000022
1 0.000068
1 0.000011
1 0.000022
1 0.000027
1 0.000028
1 0.000015
1 0.000168
1 0.000048
1 -0.000016
1 0.000001
1 -0.000020
1 0.000030
1 0.000029
1 -0.000014
1 0.000009
1 0.000042
1 -0.000003
1 -0.000000
1 0.000018
1 -0.000034
1 -0.000032
1 0.000012
1 -0.000027
1 -0.000022
1 0.000060
1 0.000041
1 0.000007
1 -0.000030
1 -0.000067
1 -0.000023
1 0.000003
1 -0.000027
1 0.000019
1 0.000057
1 0.000086
1 -0.000016
1 0.000088
1 0.000033
1 -0.000081
1 0.000064
1 0.000057
1 0.000062
1 -0.000040
1 -0.000089
1 0.000029
1 0.000009
1 0.000020
1 -0.000022
1 0.000016
1 0.000118
1 0.000047
1 -0.000042
1 -0.000002
1 0.000014
1 0.000018
1 -0.000022
1 0.000085
1 0.000036
1 0.000062
1 -0.000017
1 0.000106
1 -0.000039
1 0.000013
1 -0.000040
1 0.000027
1 0.000049
1 0.000078
1 0.000022
1 -0.000048
1 -0.000082
1 -0.000135
1 0.000077
1 -0.000037
1 -0.000030
1 0.000007
1 -0.000055
1 -0.000134
1 0.000082
1 -0.000130
1 0.000022
1 0.000053
1 0.000008
1 -0.000015
1 0.000063
1 -0.000030
1 0.000049
1 0.000007
1 0.000019
1 -0.000087
1 -0.000058
1 0.000002
1 0.000018
1 -0.000024
1 0.000051
1 0.000047
1 -0.000009
1 0.000083
1 -0.000044
1 0.000003
1 0.000058
1 0.000198
1 -0.000002
1 0.000029
1 0.000015
1 0.000101
1 0.000007
1 0.000027
1 -0.000001
1 0.000165
1 -0.000018
1 0.000056
1 0.000007
1 0.000032
1 0.000031
1 0.000008
1 0.000045
1 -0.000034
1 -0.000103
1 0.000010
1 -0.000018
1 0.000029
1 -0.000013
1 -0.000031
1 -0.000006
1 0.000005
1 0.000076
1 -0.000037
1 0.000096
1 0.000083
1 0.000037
1 -0.000099
1 -0.000037
1 0.000023
1 -0.000010
1 -0.000052
1 -0.000010
1 0.000039
1 0.000009
1 0.000079
1 0.000039
1 -0.000012
1 -0.000015
1 0.000006
1 -0.000011
1 -0.000004
1 0.000112
1 0.000078
1 0.000043
1 -0.000010
1 0.000083
1 0.000093
1 0.000031
1 0.000036
1 -0.000028
1 0.000033
1 0.000035
1 -0.000010
1 0.000000
1 0.000107
1 0.000018
1 0.000050
1 -0.000051
1 0.000214
1 -0.000009
1 0.000060
1 -0.000036
1 -0.000006
1 0.000064
1 0.000030
1 0.000135
1 0.000088
1 -0.000017
1 0.000005
1 0.000098
1 -0.000057
1 0.000248
1 -0.000000
1 -0.000010
1 0.000088
1 -0.000018
1 0.000079
1 0.000047
1 0.000042
1 -0.000000
1 0.000012
1 -0.000033
1 0.000159
1 0.000106
1 0.000059
1 0.000044
1 0.000075
1 -0.000005
1 -0.000066
1 0.000059
1 0.000011
1 -0.000052
1 -0.000246
1 -0.000034
1 -0.000056
1 -0.000090
1 0.000057
1 -0.000003
1 0.000041
1 -0.000006
1 0.000053
1 0.000068
1 0.000013
1 -0.000175
1 -0.000019
1 -0.000044
1 -0.000065
1 0.000078
1 0.000178
1 0.000042
1 0.000005
1 0.000012
1 0.000083
1 0.000099
1 0.000014
1 -0.000007
1 -0.000003
1 0.000138
1 0.000009
1 -0.000067
1 0.000029
1 -0.000041
1 0.000001
1 -0.000069
1 -0.000024
1 0.000002
1 -0.000053
1 0.000070
1 0.000001
1 -0.000017
1 0.000096
1 0.000145
1 0.000025
1 0.000050
1 0.000006
1 0.000024
1 0.000002
1 0.000001
1 0.000021
1 -0.000054
1 -0.000080
1 0.000145
1 0.000050
1 0.000006
1 0.000056
1 0.000047
1 -0.000016
1 -0.000112
1 -0.000071
1 -0.000003
1 0.000005
1 0.000016
1 -0.000056
1 0.000113
1 0.000023
1 0.000013
1 -0.000072
1 0.000073
1 0.000037
1 -0.000124
1 0.000019
1 0.000058
1 0.000088
1 -0.000085
1 -0.000035
1 0.000158
1 0.000424
1 0.000162
1 0.000058
1 0.000054
1 -0.000013
1 -0.000149
1 0.000025
1 -0.000018
1 -0.000036
1 0.000225
1 -0.000021
1 0.000015
1 -0.000108
1 0.000014
1 -0.000001
1 -0.000001
1 -0.000020
1 0.000045
1 0.000029
1 -0.000014
1 0.000037
1 0.000061
1 0.000013
1 0.000006
1 -0.000035
1 0.000039
1 0.000065
1 0.000042
1 -0.000018
1 -0.000040
1 -0.000054
1 0.000077
1 0.000078
1 0.000007
1 0.000073
1 0.000086
1 -0.000068
1 0.000008
1 0.000000
1 -0.000019
1 -0.000005
1 -0.000028
1 -0.000017
1 -0.000093
1 -0.000034
1 -0.000011
1 -0.000052
1 0.000028
1 -0.000044
1 0.000008
1 0.000022
1 -0.000108
1 -0.000065
1 -0.000004
1 0.000083
1 -0.000003
1 -0.000110
1 -0.000001
1 -0.000038
1 0.000000
1 0.000043
1 0.000003
1 0.000015
1 0.000063
1 -0.000173
1 -0.000036
1 -0.000018
1 0.000091
1 -0.000018
1 0.000030
1 0.000016
1 0.000001
1 -0.000007
1 0.000049
1 0.000077
1 -0.000002
1 -0.000005
1 -0.000099
1 0.000000
1 0.000044
1 -0.000010
1 0.000058
1 0.000028
1 -0.000044
1 0.000014
1 -0.000256
1 0.000196
1 0.000052
1 -0.000034
1 -0.000104
1 0.000218
1 -0.000010
1 -0.000017
1 0.000002
1 0.000001
1 -0.000009
1 -0.000015
1 0.000069
1 -0.000001
1 -0.000047
1 -0.000018
1 0.000026
1 -0.000018
1 0.000066
1 0.000193
1 0.000019
1 0.000103
1 0.000060
1 0.000037
1 0.000088
1 -0.000010
1 0.000036
1 0.000100
1 -0.000072
1 0.000000
1 -0.000228
1 0.000109
1 0.000141
1 -0.000009
1 0.000068
1 0.000017
1 0.000046
1 0.000034
1 0.000014
1 0.000162
1 0.000095
1 0.000003
1 0.000121
1 0.000015
1 0.000053
1 0.000041
1 0.000015
1 -0.000002
1 0.000039
1 0.000151
1 0.000080
1 0.000018
1 -0.000067
1 0.000033
1 0.000059
1 -0.000008
1 -0.000033
1 0.000076
1 -0.000013
1 0.000157
1 -0.000067
1 -0.000038
1 0.000026
1 0.000037
1 0.000199
1 0.000124
1 0.000090
1 0.000032
1 0.000071
1 -0.000055
1 -0.000055
1 0.000048
1 -0.000009
1 -0.000080
1 0.000175
1 0.000008
1 0.000042
1 -0.000038
1 -0.000114
1 0.000003
1 0.000023
1 0.000007
1 -0.000015
1 0.000091
1 0.000022
1 -0.000145
1 -0.000036
1 -0.000001
1 0.000177
1 0.000038
1 0.000026
1 -0.000003
1 0.000046
1 -0.000011
1 0.000016
1 -0.000037
1 0.000103
1 -0.000016
1 0.000031
1 -0.000005
1 0.000012
1 0.000068
1 -0.000010
1 -0.000090
1 0.000106
1 0.000092
1 0.000042
1 0.000067
1 0.000075
1 0.000002
1 0.000013
1 0.000050
1 0.000160
1 0.000019
1 0.000002
1 -0.000047
1 0.000024
1 0.000061
1 0.000015
1 0.000055
1 0.000038
1 0.000004
1 -0.000005
1 -0.000004
1 0.000045
1 -0.000107
1 -0.000027
1 0.000002
1 0.000003
1 -0.000078
1 -0.000005
1 0.000098
1 0.000000
1 0.000130
1 0.000077
1 0.000012
1 0.000032
1 -0.000015
1 0.000045
1 0.000058
1 0.000047
1 -0.000002
1 0.000051
1 -0.000017
1 0.000058
1 0.000071
1 -0.000016
1 -0.000036
1 0.000012
1 -0.000062
1 -0.000067
1 -0.000039
1 -0.000009
1 -0.000003
1 -0.000059
1 0.000041
1 -0.000040
1 0.000086
1 0.000028
1 0.000028
1 -0.000016
1 -0.000132
1 -0.000035
1 -0.000008
1 0.000030
1 0.000114
1 -0.000019
1 -0.000001
1 0.000091
1 -0.000062
1 0.000124
1 0.000087
1 0.000024
1 0.000080
1 -0.000006
1 -0.000052
1 0.000004
1 0.000002
1 0.000000
1 -0.000042
1 0.000028
1 -0.000076
1 0.000015
1 -0.000172
1 -0.000013
1 0.000160
1 0.000083
1 0.000018
1 0.000030
1 -0.000026
1 0.000009
1 -0.000047
1 -0.000028
1 0.000068
1 -0.000051
1 -0.000032
1 -0.000028
1 -0.000037
1 0.000033
1 -0.000015
1 0.000032
1 0.000249
1 -0.000049
1 0.000050
1 0.000034
1 -0.000210
1 0.000036
1 0.000084
1 -0.000062
1 0.000034
1 -0.000043
1 -0.000017
1 0.000210
1 -0.000044
1 0.000017
1 -0.000023
1 0.000017
1 0.000052
1 -0.000022
1 -0.000046
1 -0.000005
1 -0.000024
1 0.000055
1 0.000040
1 0.000047
1 -0.000029
1 0.000002
1 -0.000014
1 0.000032
1 0.000004
1 0.000079
1 0.000058
1 -0.000022
1 -0.000092
1 0.000075
1 -0.000008
1 0.000050
1 0.000033
1 0.000013
1 0.000183
1 0.000014
1 -0.000068
1 -0.000027
1 -0.000043
1 0.000002
1 0.000027
1 -0.000007
1 0.000108
1 0.000020
1 0.000140
1 -0.000018
1 0.000065
1 -0.000005
1 -0.000029
1 -0.000090
1 0.000092
1 -0.000012
1 -0.000035
1 0.000036
1 0.000046
1 0.000073
1 0.000011
1 0.000013
1 -0.000013
1 0.000047
1 0.000063
1 0.000127
1 0.000008
1 0.000202
1 0.000009
1 -0.000040
1 -0.000016
1 -0.000058
1 -0.000035
1 0.000066
1 0.000122
1 0.000054
1 -0.000010
1 0.000025
1 0.000017
1 -0.000005
1 -0.000083
1 0.000067
1 0.000047
1 0.000019
1 0.000000
1 -0.000007
1 0.000023
1 0.000052
1 -0.000052
1 -0.000058
1 0.000067
1 0.000073
1 0.000056
1 0.000085
1 0.000022
1 0.000111
1 -0.000039
1 0.000038
1 -0.000015
1 -0.000047
1 0.000085
1 -0.000030
1 0.000061
1 0.000090
1 0.000241
1 0.000020
1 0.000050
1 0.000039
1 0.000033
1 -0.000069
1 -0.000017
1 0.000021
1 -0.000003
1 -0.000022
1 0.000042
1 0.000039
1 0.000000
1 -0.000017
1 -0.000016
1 -0.000032
1 0.000028
1 0.000078
1 0.000045
1 0.000099
1 0.000045
1 -0.000000
1 -0.000006
1 -0.000003
1 -0.000009
1 -0.000142
1 0.000017
1 0.000072
1 -0.000054
1 0.000031
1 0.000032
1 -0.000012
1 -0.000065
1 -0.000076
1 -0.000078
1 0.000018
1 0.000025
1 -0.000031
1 0.000056
1 0.000035
1 -0.000012
1 0.000020
1 0.000107
1 -0.000085
1 0.000002
1 -0.000031
1 0.000066
1 0.000143
1 -0.000064
1 0.000037
1 -0.000003
1 0.000016
1 -0.000075
1 -0.000042
1 -0.000086
1 0.000016
1 0.000078
1 0.000025
1 0.000141
1 -0.000096
1 0.000032
1 -0.000051
1 -0.000062
1 0.000034
1 0.000023
1 0.000178
1 0.000007
1 0.000034
1 0.000008
1 0.000049
1 -0.000061
1 0.000098
1 0.000035
1 0.000066
1 0.000028
1 0.000061
1 0.000081
1 0.000007
1 -0.000081
1 0.000081
1 0.000106
1 -0.000071
1 0.000095
1 0.000010
1 0.000035
1 0.000020
1 -0.000016
1 -0.000031
1 0.000032
1 0.000009
1 0.000016
1 -0.000012
1 0.000050
1 0.000078
1 0.000035
1 0.000000
1 0.000047
1 0.000013
1 0.000030
1 -0.000026
1 0.000091
1 -0.000021
1 -0.000023
1 0.000064
1 0.000048
1 0.000005
1 -0.000005
1 0.000034
1 -0.000026
1 -0.000013
1 0.000041
1 -0.000025
1 0.000032
1 0.000006
1 0.000026
1 -0.000126
1 0.000005
1 -0.000186
1 -0.000066
1 0.000035
1 0.000079
1 0.000056
1 0.000002
1 -0.000027
1 0.000128
1 -0.000011
1 0.000022
1 0.000031
1 0.000014
1 -0.000030
1 0.000124
1 -0.000052
1 0.000002
1 0.000016
1 0.000017
1 -0.000004
1 0.000057
1 0.000006
1 -0.000004
1 -0.000022
1 0.000049
1 -0.000045
1 0.000001
1 -0.000008
1 -0.000050
1 -0.000035
1 0.000029
1 -0.000042
1 0.000065
1 0.000067
1 0.000211
1 0.000117
1 0.000031
1 -0.000004
1 -0.000025
1 -0.000011
1 -0.000003
1 -0.000050
1 0.000030
1 0.000087
1 0.000041
1 0.000097
1 -0.000150
1 -0.000051
1 0.000051
1 -0.000023
1 -0.000006
1 -0.000028
1 -0.000016
1 -0.000001
1 0.000134
1 0.000131
1 -0.000005
1 0.000107
1 -0.000071
1 0.000039
1 0.000003
1 -0.000079
1 -0.000029
1 0.000064
1 -0.000043
1 -0.000097
1 0.000012
1 -0.000001
1 0.000023
1 0.000041
1 -0.000049
1 0.000055
1 0.000064
1 0.000016
1 0.000043
1 -0.000038
1 0.000001
1 0.000038
1 -0.000027
1 -0.000050
1 -0.000089
1 0.000053
1 -0.000001
1 0.000013
1 -0.000045
1 -0.000056
1 0.000019
1 0.000009
1 0.000085
1 -0.000026
1 0.000064
1 -0.000006
1 -0.000085
1 0.000016
1 0.000016
1 -0.000013
1 0.000021
1 0.000025
1 -0.000018
1 0.000002
1 -0.000036
1 0.000042
1 0.000058
1 -0.000011
1 0.000070
1 -0.000018
1 -0.000009
1 -0.000027
1 0.000103
1 0.000014
1 0.000083
1 0.000042
1 0.000013
1 0.000020
1 0.000060
1 0.000169
1 -0.000022
1 0.000039
1 0.000063
1 -0.000011
1 0.000002
1 0.000068
1 0.000082
1 0.000122
1 -0.000017
1 -0.000007
1 0.000013
1 -0.000052
1 0.000062
1 0.000003
1 0.000145
1 0.000079
1 0.000052
1 -0.000101
1 -0.000007
1 0.000017
1 -0.000016
1 0.000242
1 0.000112
1 -0.000007
1 -0.000072
1 0.000068
1 -0.000040
1 -0.000008
1 0.000223
1 -0.000209
1 0.000138
1 0.000107
1 -0.000048
1 0.000236
1 0.000066
1 0.000024
1 0.000138
1 0.000036
1 0.000070
1 0.000015
1 -0.000029
1 0.000021
1 -0.000031
1 0.000015
1 -0.000001
1 -0.000003
1 0.000057
1 0.000036
1 0.000023
1 -0.000041
1 0.000078
1 0.000005
1 -0.000004
1 0.000001
1 -0.000003
1 0.000106
1 0.000159
1 -0.000033
1 0.000005
1 0.000017
1 0.000265
1 0.000064
1 -0.000002
1 -0.000024
1 0.000054
1 -0.000050
1 -0.000080
1 -0.000001
1 -0.000056
1 0.000085
1 -0.000021
1 -0.000003
1 0.000099
1 -0.000000
1 0.000120
1 -0.000045
1 0.000022
1 -0.000058
1 -0.000020
1 0.000020
1 -0.000031
1 -0.000011
1 0.000022
1 0.000037
1 0.000112
1 0.000101
1 -0.000219
1 -0.000134
1 -0.000029
1 0.000305
1 0.000013
1 -0.000037
1 -0.000022
1 0.000040
1 0.000074
1 0.000038
1 0.000074
1 -0.000025
1 0.000031
1 0.000010
1 0.000134
1 0.000083
1 0.000008
1 0.000021
1 0.000024
1 0.000070
1 -0.000026
1 0.000065
1 0.000010
1 -0.000020
1 0.000088
1 0.000053
1 -0.000015
1 0.000079
1 0.000017
1 -0.000066
1 -0.000012
1 -0.000025
1 -0.000035
1 0.000057
1 0.000013
1 0.000010
1 0.000042
1 0.000273
1 0.000012
1 -0.000031
1 -0.000008
1 -0.000048
1 -0.000021
1 -0.000019
1 -0.000041
1 0.000106
1 0.000073
1 0.000002
1 -0.000006
1 0.000043
1 -0.000014
1 0.000002
1 0.000045
1 0.000012
1 -0.000050
1 0.000008
1 0.000003
1 -0.000024
1 0.000020
1 -0.000020
1 -0.000007
1 0.000007
1 0.000129
1 -0.000024
1 0.000006
1 0.000046
1 -0.000030
1 0.000022
1 0.000051
1 -0.000011
1 0.000156
1 0.000040
1 0.000022
1 0.000033
1 0.000119
1 0.000111
1 0.000003
1 0.000071
1 -0.000002
1 -0.000056
1 -0.000026
1 0.000017
1 -0.000010
1 0.000134
1 0.000064
1 0.000017
1 0.000034
1 -0.000013
1 -0.000001
1 -0.000001
1 -0.000012
1 -0.000025
1 0.000027
1 0.000027
1 -0.000031
1 0.000049
1 0.000076
1 0.000003
1 0.000038
1 0.000000
1 -0.000021
1 0.000054
1 -0.000017
1 0.000023
1 0.000008
1 -0.000022
1 -0.000046
1 0.000099
1 -0.000011
1 -0.000009
1 0.000034
1 0.000146
1 0.000042
1 -0.000005
1 -0.000119
1 0.000053
1 -0.000020
1 0.000074
1 0.000042
1 -0.000005
1 -0.000000
1 0.000025
1 0.000083
1 -0.000044
1 -0.000017
1 0.000001
1 -0.000059
1 0.000065
1 -0.000007
1 -0.000108
1 -0.000011
1 0.000063
1 0.000161
1 -0.000070
1 -0.000015
1 -0.000016
1 0.000034
1 0.000294
1 0.000030
1 -0.000030
1 -0.000025
1 0.000043
1 -0.000191
1 0.000100
1 0.000035
1 0.000037
1 0.000040
1 -0.000111
1 0.000080
1 -0.000038
1 -0.000030
1 0.000153
1 0.000057
1 0.000019
1 0.000088
1 -0.000006
1 0.000001
1 -0.000003
1 0.000011
1 0.000048
1 0.000006
1 0.000038
1 0.000082
1 0.000035
1 -0.000068
1 -0.000012
1 0.000022
1 0.000019
1 0.000062
1 -0.000003
1 0.000064
1 -0.000047
1 0.000072
1 0.000008
1 0.000006
1 0.000014
1 0.000020
1 0.000083
1 0.000009
1 -0.000029
1 0.000088
1 0.000070
1 0.000139
1 0.000049
1 -0.000115
1 0.000143
1 0.000023
1 0.000013
1 0.000072
1 0.000205
1 -0.000019
1 0.000072
1 -0.000052
1 -0.000011
1 0.000157
1 0.000003
1 0.000001
1 0.000002
1 0.000126
1 0.000042
1 0.000005
1 0.000017
1 -0.000011
1 -0.000054
1 0.000088
1 0.000010
1 0.000001
1 0.000027
1 -0.000022
1 0.000004
1 0.000040
1 0.000000
1 0.000159
1 0.000042
1 -0.000116
1 0.000007
1 -0.000005
1 -0.000017
1 -0.000004
1 0.000026
1 0.000000
1 0.000052
1 0.000081
1 -0.000052
1 0.000016
1 -0.000036
1 0.000006
1 0.000116
1 -0.000058
1 0.000144
1 -0.000064
1 0.000022
1 0.000047
1 -0.000090
1 0.000168
1 -0.000036
1 -0.000060
1 0.000021
1 -0.000009
1 0.000001
1 0.000096
1 0.000045
1 0.000058
1 -0.000017
1 0.000009
1 0.000051
1 -0.000005
1 0.000017
1 0.000042
1 0.000057
1 -0.000000
1 0.000079
1 0.000000
1 0.000010
1 -0.000073
1 0.000128
1 0.000012
1 -0.000021
1 0.000046
1 -0.000006
1 -0.000001
1 -0.000126
1 -0.000009
1 -0.000028
1 -0.000013
1 -0.000101
1 -0.000057
1 0.000056
1 0.000047
1 0.000040
1 0.000078
1 -0.000002
1 0.000072
1 0.000044
1 0.000109
1 -0.000006
1 0.000016
1 0.000012
1 0.000027
1 0.000054
1 -0.000011
1 -0.000006
1 0.000004
1 0.000085
1 0.000010
1 0.000007
1 0.000005
1 -0.000002
1 -0.000006
1 0.000093
1 0.000024
1 0.000093
1 0.000035
1 0.000082
1 -0.000066
1 0.000109
1 0.000003
1 0.000076
1 0.000011
1 0.000073
1 -0.000023
1 0.000091
1 0.000027
1 -0.000013
1 0.000030
1 -0.000032
1 0.000063
1 0.000014
1 0.000136
1 0.000155
1 -0.000056
1 0.000023
1 0.000082
1 -0.000015
1 0.000200
1 0.000223
1 0.000062
1 -0.000030
1 0.000177
1 0.000071
1 -0.000076
1 -0.000011
1 -0.000090
1 0.000106
1 0.000017
1 0.000115
1 0.000087
1 0.000028
1 -0.000006
1 -0.000106
1 -0.000025
1 0.000101
1 0.000080
1 0.000050
1 0.000053
1 0.000011
1 -0.000128
1 0.000021
1 -0.000000
1 0.000041
1 0.000107
1 0.000297
1 -0.000007
1 0.000002
1 -0.000006
1 0.000133
1 0.000147
1 -0.000006
1 0.000037
1 0.000018
1 -0.000048
1 0.000008
1 -0.000095
1 0.000063
1 -0.000046
1 0.000027
1 -0.000024
1 -0.000046
1 0.000007
1 0.000035
1 0.000017
1 0.000022
1 0.000057
1 0.000036
1 0.000159
1 0.000035
1 0.000038
1 0.000001
1 -0.000006
1 -0.000021
1 -0.000008
1 -0.000079
1 -0.000011
1 -0.000005
1 0.000100
1 0.000127
1 -0.000007
1 0.000095
1 -0.000002
1 0.000013
1 0.000092
1 0.000068
1 0.000023
1 -0.000052
1 0.000032
1 0.000007
1 -0.000066
1 -0.000009
1 0.000076
1 0.000101
1 0.000065
1 0.000024
1 0.000001
1 -0.000016
1 -0.000019
1 0.000049
1 -0.000009
1 0.000029
1 0.000054
1 0.000040
1 0.000008
1 0.000100
1 0.000035
1 0.000027
1 0.000024
1 -0.000001
1 0.000004
1 0.000082
1 -0.000079
1 -0.000006
1 -0.000010
1 0.000040
1 -0.000083
1 -0.000071
1 0.000019
1 0.000188
1 0.000021
1 -0.000037
1 -0.000023
1 -0.000037
1 -0.000034
1 -0.000162
1 0.000021
1 0.000012
1 0.000017
1 0.000014
1 0.000033
1 0.000132
1 0.000013
1 0.000133
1 0.000147
1 -0.000018
1 -0.000041
1 0.000045
1 -0.000014
1 0.000092
1 0.000216
1 0.000124
1 -0.000019
1 0.000032
1 0.000044
1 0.000045
1 0.000040
1 0.000080
1 0.000153
1 0.000019
1 0.000013
1 0.000019
1 0.000004
1 -0.000118
1 0.000046
1 0.000020
1 0.000017
1 -0.000009
1 -0.000100
1 -0.000077
1 -0.000023
1 0.000029
1 -0.000025
1 -0.000048
1 0.000114
1 0.000019
1 0.000021
1 0.000154
1 -0.000030
1 0.000022
1 0.000050
1 -0.000014
1 -0.000008
1 -0.000092
1 0.000038
1 0.000008
1 0.000210
1 -0.000082
1 0.000077
1 0.000032
1 0.000019
1 0.000085
1 0.000077
1 0.000028
1 -0.000002
1 -0.000082
1 -0.000003
1 0.000035
1 -0.000049
1 0.000000
1 -0.000018
1 0.000022
1 0.000053
1 0.000068
1 -0.000063
1 0.000078
1 0.000059
1 0.000099
1 -0.000004
1 0.000093
1 0.000025
1 0.000049
1 -0.000029
1 0.000118
1 -0.000048
1 0.000040
1 0.000133
1 0.000013
1 0.000072
1 0.000000
1 0.000176
1 0.000032
1 -0.000000
1 0.000038
1 -0.000012
1 0.000000
1 -0.000019
1 0.000113
1 0.000023
1 0.000097
1 0.000002
1 -0.000007
1 -0.000031
1 0.000040
1 0.000026
1 0.000066
1 0.000071
1 0.000126
1 0.000110
1 -0.000065
1 -0.000032
1 -0.000075
1 0.000013
1 -0.000011
1 0.000067
1 0.000084
1 0.000075
1 -0.000085
1 0.000043
1 -0.000014
1 -0.000033
1 -0.000006
1 0.000035
1 -0.000034
1 -0.000028
1 -0.000021
1 0.000066
1 -0.000050
1 -0.000044
1 0.000022
1 0.000117
1 0.000003
1 0.000004
1 -0.000141
1 -0.000023
1 -0.000245
1 0.000116
1 0.000020
1 0.000014
1 -0.000079
1 0.000061
1 0.000099
1 0.000042
1 0.000065
1 0.000043
1 -0.000095
1 -0.000045
1 0.000001
1 0.000103
1 0.000020
1 -0.000065
1 0.000003
1 0.000024
1 -0.000009
1 0.000098
1 -0.000006
1 -0.000024
1 0.000067
1 0.000009
1 -0.000021
1 0.000032
1 0.000006
1 -0.000014
1 -0.000020
1 -0.000005
1 -0.000217
1 0.000151
1 0.000003
1 0.000060
1 -0.000009
1 -0.000001
1 -0.000039
1 0.000163
1 0.000062
1 -0.000068
1 0.000018
1 0.000081
1 -0.000062
1 0.000015
1 -0.000000
1 -0.000034
1 -0.000113
1 0.000082
1 0.000183
1 0.000003
1 0.000000
1 -0.000006
1 -0.000085
1 -0.000129
1 0.000078
1 0.000148
1 -0.000033
1 -0.000006
1 -0.000005
1 -0.000144
1 -0.000026
1 0.000048
1 0.000132
1 0.000011
1 -0.000049
1 0.000146
1 0.000074
1 0.000068
1 -0.000068
1 0.000241
1 -0.000046
1 0.000040
1 0.000000
1 -0.000067
1 -0.000002
1 -0.000023
1 0.000111
1 0.000083
1 0.000002
1 0.000027
1 -0.000021
1 -0.000036
1 -0.000024
1 0.000074
1 0.000055
1 -0.000123
1 -0.000022
1 -0.000102
1 0.000023
1 0.000102
1 0.000030
1 0.000056
1 0.000079
1 0.000055
1 -0.000004
1 0.000066
1 -0.000038
1 0.000029
1 0.000141
1 0.000012
1 -0.000038
1 0.000002
1 0.000008
1 0.000156
1 0.000073
1 0.000012
1 -0.000005
1 0.000035
1 0.000067
1 0.000009
1 0.000092
1 -0.000148
1 0.000048
1 -0.000083
1 0.000082
1 0.000046
1 -0.000030
1 -0.000172
1 -0.000003
1 0.000087
1 0.000056
1 0.000016
1 0.000043
1 -0.000018
1 0.000020
1 0.000065
1 0.000097
1 0.000035
1 0.000060
1 -0.000015
1 -0.000011
1 0.000007
1 -0.000010
1 -0.000001
1 0.000037
1 0.000056
1 -0.000031
1 -0.000008
1 0.000021
1 0.000048
1 -0.000080
1 0.000065
1 0.000082
1 0.000074
1 0.000000
1 0.000003
1 0.000026
1 -0.000024
1 0.000090
1 -0.000012
1 -0.000027
1 0.000002
1 0.000032
1 0.000082
1 -0.000005
1 0.000021
1 -0.000010
1 0.000003
1 0.000000
1 0.000020
1 -0.000081
1 -0.000014
1 0.000000
1 -0.000039
1 0.000096
1 0.000087
1 -0.000056
1 0.000004
1 0.000144
1 -0.000033
1 0.000130
1 0.000049
1 -0.000010
1 0.000100
1 -0.000114
1 0.000001
1 -0.000004
1 0.000052
1 -0.000028
1 0.000033
1 -0.000003
1 -0.000060
1 0.000019
1 -0.000002
1 0.000041
1 0.000181
1 -0.000055
1 -0.000058
1 -0.000000
1 -0.000023
1 0.000024
1 -0.000022
1 -0.000147
1 -0.000001
1 -0.000044
1 -0.000026
1 -0.000003
1 -0.000073
1 0.000033
1 0.000017
1 -0.000077
1 0.000038
1 0.000063
1 0.000014
1 0.000019
1 -0.000088
1 -0.000010
1 0.000045
1 0.000111
1 -0.000009
1 -0.000014
1 0.000207
1 0.000063
1 0.000039
1 0.000052
1 0.000000
1 0.000036
1 0.000042
1 0.000063
1 0.000037
1 0.000129
1 -0.000025
1 -0.000010
1 -0.000013
1 0.000074
1 -0.000019
1 0.000001
1 0.000056
1 -0.000060
1 -0.000091
1 -0.000024
1 0.000243
1 0.000062
1 -0.000011
1 0.000031
1 -0.000011
1 0.000016
1 0.000013
1 -0.000041
1 -0.000082
1 -0.000010
1 0.000067
1 0.000041
1 -0.000062
1 -0.000036
1 0.000033
1 -0.000035
1 0.000006
1 -0.000039
1 0.000035
1 0.000126
1 0.000036
1 0.000107
1 0.000115
1 0.000069
1 0.000128
1 -0.000014
1 0.000034
1 0.000026
1 0.000085
1 -0.000158
1 0.000063
1 0.000014
1 0.000061
1 -0.000033
1 0.000026
1 0.000103
1 -0.000013
1 0.000027
1 -0.000126
1 0.000061
1 -0.000003
1 0.000026
1 -0.000045
1 0.000076
1 -0.000003
1 0.000098
1 -0.000065
1 0.000035
1 0.000002
1 -0.000076
1 0.000126
1 0.000000
1 0.000026
1 0.000039
1 0.000033
1 0.000010
1 0.000004
1 -0.000021
1 0.000100
1 -0.000009
1 0.000034
1 0.000006
1 -0.000009
1 -0.000009
1 0.000201
1 -0.000040
1 -0.000008
1 0.000040
1 0.000112
1 0.000137
1 0.000001
1 0.000015
1 0.000064
1 0.000163
1 0.000009
1 0.000003
1 -0.000047
1 -0.000032
1 0.000123
1 0.000013
1 0.000096
1 0.000168
1 -0.000013
1 -0.000009
1 0.000071
1 -0.000011
1 0.000046
1 0.000086
1 -0.000028
1 -0.000051
1 0.000086
1 -0.000015
1 0.000014
1 0.000066
1 0.000014
1 0.000046
1 -0.000074
1 0.000119
1 0.000134
1 0.000006
1 0.000017
1 0.000033
1 -0.000063
1 -0.000083
1 -0.000023
1 0.000125
1 0.000064
1 0.000019
1 -0.000030
1 -0.000025
1 0.000002
1 -0.000008
1 0.000040
1 0.000019
1 0.000007
1 0.000014
1 0.000001
1 0.000025
1 0.000025
1 0.000017
1 0.000054
1 0.000020
1 0.000022
1 0.000104
1 -0.000020
1 0.000007
1 0.000026
1 0.000074
1 0.000122
1 0.000010
1 0.000036
1 0.000047
1 -0.000013
1 0.000013
1 0.000043
1 0.000015
1 0.000073
1 0.000117
1 0.000112
1 0.000048
1 0.000045
1 0.000065
1 -0.000027
1 0.000023
1 0.000131
1 -0.000014
1 -0.000052
1 -0.000078
1 0.000025
1 0.000075
1 -0.000005
1 -0.000039
1 0.000051
1 -0.000029
1 0.000087
1 0.000016
1 -0.000083
1 -0.000008
1 0.000048
1 0.000142
1 0.000054
1 0.000117
1 0.000000
1 -0.000048
1 -0.000024
1 0.000006
1 0.000033
1 -0.000003
1 0.000009
1 0.000040
1 -0.000007
1 0.000021
1 0.000015
1 0.000060
1 0.000076
1 -0.000021
1 -0.000025
1 0.000044
1 0.000008
1 0.000036
1 -0.000059
1 0.000004
1 0.000001
1 0.000020
1 0.000015
1 -0.000014
1 0.000017
1 0.000085
1 0.000013
1 0.000046
1 0.000089
1 0.000086
1 -0.000118
1 -0.000028
1 -0.000009
1 0.000066
1 0.000015
1 0.000212
1 0.000007
1 0.000075
1 0.000111
1 -0.000076
1 0.000018
1 0.000026
1 0.000061
1 0.000010
1 0.000079
1 -0.000008
1 -0.000056
1 0.000006
1 -0.000050
1 -0.000012
1 0.000114
1 0.000104
1 0.000044
1 0.000047
1 -0.000002
1 0.000109
1 0.000016
1 -0.000039
1 -0.000079
1 -0.000037
1 0.000014
1 0.000061
1 0.000013
1 -0.000051
1 -0.000006
1 -0.000064
1 0.000049
1 0.000056
1 0.000022
1 -0.000021
1 -0.000014
1 0.000085
1 -0.000018
1 0.000068
1 -0.000036
1 -0.000019
1 0.000025
1 -0.000015
1 0.000179
1 0.000001
1 0.000044
1 -0.000026
1 -0.000051
1 -0.000072
1 -0.000056
1 0.000078
1 0.000012
1 0.000044
1 0.000239
1 0.000019
1 0.000034
1 0.000057
1 0.000139
1 0.000141
1 0.000070
1 -0.000151
1 0.000063
1 0.000098
1 0.000044
1 0.000039
1 -0.000021
1 -0.000020
1 0.000162
1 -0.000063
1 -0.000011
1 -0.000068
1 0.000071
1 0.000071
1 0.000142
1 -0.000082
1 -0.000030
1 0.000107
1 0.000165
1 0.000052
1 -0.000047
1 0.000075
1 0.000006
1 -0.000006
1 -0.000067
1 0.000103
1 0.000006
1 -0.000020
1 0.000126
1 0.000047
1 -0.000072
1 0.000063
1 0.000049
1 -0.000003
1 0.000114
1 0.000021
1 0.000060
1 0.000013
1 -0.000029
1 -0.000011
1 0.000078
1 0.000104
1 0.000011
1 0.000070
1 0.000154
1 0.000017
1 -0.000059
1 0.000036
1 -0.000005
1 0.000026
1 -0.000020
1 0.000050
1 -0.000131
1 0.000024
1 0.000109
1 0.000013
1 -0.000012
1 0.000146
1 -0.000043
1 -0.000106
1 0.000015
1 0.000079
1 0.000229
1 -0.000044
1 -0.000004
1 -0.000018
1 0.000077
1 -0.000067
1 0.000051
1 0.000098
1 -0.000003
1 0.000010
1 0.000009
1 0.000045
1 0.000007
1 0.000018
1 -0.000071
1 0.000017
1 -0.000024
1 -0.000021
1 0.000030
1 -0.000006
1 0.000109
1 0.000063
1 0.000032
1 0.000042
1 0.000013
1 0.000053
1 0.000095
1 -0.000116
1 0.000093
1 -0.000034
1 -0.000015
1 0.000101
1 0.000028
1 -0.000005
1 0.000020
1 -0.000550
1 0.000153
1 -0.000035
1 0.000047
1 -0.000026
1 -0.000016
1 0.000130
1 0.000007
1 -0.000016
1 -0.000012
1 -0.000032
1 0.000037
1 0.000021
1 -0.000098
1 0.000005
1 -0.000051
1 0.000264
1 0.000022
1 0.000002
1 -0.000149
1 0.000069
1 0.000002
1 -0.000015
1 0.000037
1 0.000014
1 -0.000060
1 0.000026
1 0.000030
1 0.000014
1 -0.000014
1 0.000102
1 0.000017
1 0.000010
1 -0.000041
1 -0.000031
1 -0.000084
1 0.000029
1 -0.000090
1 0.000073
1 -0.000022
1 -0.000008
1 0.000064
1 -0.000022
1 -0.000031
1 -0.000004
1 -0.000002
1 0.000026
1 0.000013
1 0.000030
1 0.000027
1 0.000031
1 0.000010
1 0.000094
1 0.000061
1 0.000018
1 -0.000020
1 0.000077
1 -0.000003
1 0.000002
1 0.000057
1 -0.000256
1 0.000253
1 0.000064
1 0.000090
1 0.000031
1 0.000040
1 0.000129
1 -0.000007
1 0.000029
1 0.000077
1 -0.000038
1 -0.000006
1 0.000006
1 -0.000023
1 0.000058
1 -0.000004
1 -0.000020
1 0.000055
1 -0.000037
1 -0.000009
1 -0.000001
1 -0.000009
1 0.000168
1 0.000026
1 -0.000090
1 -0.000004
1 0.000108
1 0.000073
1 0.000041
1 -0.000007
1 -0.000015
1 0.000092
1 0.000001
1 -0.000059
1 -0.000096
1 0.000013
1 0.000130
1 0.000027
1 0.000076
1 0.000043
1 0.000225
1 -0.000003
1 -0.000029
1 0.000035
1 -0.000001
1 0.000151
1 0.000027
1 0.000033
1 0.000057
1 0.000081
1 0.000258
1 -0.000031
1 0.000017
1 0.000135
1 0.000014
1 -0.000046
1 0.000021
1 0.000023
1 0.000042
1 -0.000085
1 -0.000027
1 -0.000016
1 -0.000061
1 0.000012
1 0.000000
1 0.000003
1 0.000026
1 -0.000005
1 0.000045
1 0.000007
1 0.000036
1 -0.000058
1 0.000012
1 0.000027
1 0.000007
1 0.000048
1 -0.000030
1 -0.000023
1 0.000092
1 0.000074
1 0.000048
1 0.000084
1 -0.000008
1 -0.000025
1 -0.000020
1 -0.000112
1 0.000026
1 -0.000005
1 -0.000003
1 -0.000045
1 -0.000054
1 -0.000043
1 0.000000
1 0.000061
1 0.000061
1 0.000035
1 0.000038
1 0.000035
1 -0.000113
1 0.000177
1 0.000076
1 0.000094
1 0.000080
1 0.000262
1 -0.000035
1 0.000118
1 -0.000092
1 -0.000006
1 0.000013
1 0.000123
1 -0.000003
1 0.000035
1 0.000008
1 0.000072
1 0.000085
1 -0.000034
1 0.000078
1 0.000031
1 0.000007
1 -0.000024
1 0.000034
1 -0.000054
1 -0.000048
1 0.000145
1 -0.000010
1 -0.000027
1 0.000046
1 -0.000003
1 0.000043
1 0.000113
1 0.000201
1 0.000016
1 -0.000039
1 0.000033
1 0.000043
1 0.000070
1 -0.000033
1 -0.000017
1 0.000006
1 0.000043
1 0.000059
1 0.000007
1 0.000004
1 -0.000017
1 0.000052
1 -0.000016
1 -0.000084
1 -0.000169
1 0.000089
1 0.000090
1 0.000060
1 0.000048
1 0.000034
1 0.000036
1 0.000037
1 0.000016
1 0.000009
1 0.000084
1 0.000022
1 0.000040
1 0.000042
1 0.000045
1 -0.000037
1 0.000087
1 0.000086
1 -0.000189
1 0.000025
1 0.000099
1 0.000015
1 -0.000009
1 -0.000051
1 -0.000022
1 0.000011
1 0.000028
1 -0.000033
1 0.000018
1 0.000105
1 0.000049
1 0.000081
1 0.000023
1 -0.000018
1 0.000051
1 -0.000032
1 -0.000070
1 -0.000002
1 0.000067
1 -0.000099
1 0.000021
1 0.000010
1 0.000059
1 -0.000011
1 -0.000019
1 0.000007
1 0.000081
1 -0.000126
1 -0.000018
1 -0.000075
1 -0.000007
1 0.000091
1 0.000111
1 -0.000086
1 0.000023
1 0.000025
1 0.000027
1 0.000079
1 -0.000031
1 0.000089
1 0.000022
1 -0.000033
1 0.000073
1 0.000053
1 0.000127
1 -0.000038
1 0.000055
1 0.000010
1 -0.000025
1 -0.000075
1 -0.000001
1 0.000136
1 0.000229
1 0.000059
1 -0.000011
1 0.000031
1 0.000002
1 0.000058
1 0.000095
1 0.000052
1 -0.000000
1 0.000064
1 0.000033
1 -0.000013
1 -0.000020
1 0.000004
1 -0.000054
1 0.000019
1 0.000015
1 0.000076
1 -0.000049
1 0.000008
1 -0.000047
1 0.000279
1 -0.000027
1 -0.000052
1 0.000099
1 -0.000046
1 0.000072
1 0.000013
1 0.000051
1 0.000032
1 -0.000076
1 0.000019
1 0.000038
1 0.000048
1 0.000030
1 -0.000002
1 -0.000003
1 -0.000018
1 -0.000031
1 0.000063
1 -0.000019
1 0.000103
1 0.000082
1 0.000048
1 0.000008
1 0.000023
1 0.000061
1 0.000043
1 0.000085
1 -0.000017
1 0.000012
1 0.000113
1 -0.000091
1 0.000012
1 0.000008
1 0.000042
1 0.000130
1 0.000099
1 0.000022
1 -0.000015
1 0.000008
1 0.000121
1 -0.000012
1 -0.000015
1 0.000125
1 0.000304
1 0.000057
1 -0.000083
1 -0.000017
1 0.000025
1 0.000021
1 0.000010
1 0.000099
1 0.000010
1 0.000023
1 0.000014
1 0.000060
1 -0.000001
1 -0.000057
1 0.000011
1 -0.000026
1 -0.000025
1 0.000023
1 0.000048
1 0.000003
1 0.000005
1 0.000005
1 0.000138
1 -0.000019
1 0.000019
1 0.000057
1 0.000168
1 -0.000021
1 0.000009
1 -0.000048
1 -0.000060
1 -0.000019
1 -0.000019
1 0.000022
1 -0.000086
1 0.000023
1 -0.000012
1 -0.000014
1 -0.000167
1 0.000024
1 -0.000023
1 0.000018
1 0.000041
1 0.000008
1 0.000115
1 0.000194
1 0.000004
1 0.000062
1 0.000024
1 -0.000021
1 -0.000003
1 0.000010
1 0.000046
1 -0.000009
1 -0.000023
1 -0.000017
1 0.000000
1 0.000022
1 0.000088
1 0.000138
1 0.000006
1 0.000148
1 0.000023
1 -0.000072
1 0.000003
1 -0.000060
1 0.000033
1 0.000157
1 0.000023
1 -0.000032
1 -0.000038
1 0.000008
1 0.000103
1 0.000166
1 -0.000042
1 0.000192
1 -0.000008
1 -0.000041
1 0.000020
1 0.000067
1 -0.000048
1 0.000156
1 -0.000019
1 -0.000022
1 0.000004
1 0.000074
1 -0.000013
1 -0.000075
1 -0.000069
1 0.000017
1 0.000029
1 -0.000005
1 0.000221
1 -0.000012
1 0.000087
1 -0.000056
1 0.000024
1 -0.000051
1 0.000030
1 0.000027
1 0.000140
1 0.000013
1 0.000020
1 -0.000034
1 0.000033
1 -0.000026
1 -0.000081
1 0.000026
1 0.000057
1 -0.000006
1 0.000132
1 -0.000074
1 -0.000050
1 -0.000020
1 0.000077
1 -0.000021
1 0.000133
1 0.000041
1 0.000069
1 -0.000015
1 -0.000117
1 0.000049
1 0.000062
1 0.000036
1 -0.000008
1 -0.000127
1 0.000010
1 -0.000028
1 0.000006
1 0.000008
1 0.000011
1 0.000069
1 -0.000005
1 0.000017
1 -0.000016
1 0.000157
1 0.000000
1 0.000022
1 -0.000063
1 -0.000038
1 -0.000058
1 -0.000048
1 0.000001
1 0.000032
1 -0.000024
1 0.000041
1 0.000087
1 0.000156
1 0.000008
1 0.000106
1 0.000114
1 -0.000001
1 0.000012
1 -0.000034
1 0.000065
1 0.000018
1 -0.000054
1 0.000000
1 0.000011
1 -0.000015
1 0.000039
1 -0.000047
1 0.000012
1 -0.000024
1 -0.000036
1 0.000023
1 0.000070
1 0.000131
1 0.000037
1 0.000154
1 0.000017
1 0.000016
1 -0.000071
1 -0.000024
1 -0.000052
1 0.000082
1 -0.000055
1 -0.000105
1 -0.000050
1 0.000058
1 0.000000
1 -0.000058
1 0.000141
1 0.000020
1 0.000057
1 0.000059
1 0.000020
1 0.000011
1 0.000036
1 0.000000
1 -0.000021
1 0.000017
1 -0.000029
1 0.000001
1 0.000085
1 0.000019
1 0.000036
1 0.000007
1 -0.000003
1 0.000061
1 0.000020
1 -0.000068
1 -0.000008
1 -0.000031
1 0.000022
1 0.000200
1 0.000001
1 0.000091
1 -0.000009
1 0.000031
1 0.000039
1 0.000007
1 0.000070
1 -0.000026
1 -0.000052
1 0.000065
1 0.000025
1 0.000040
1 0.000014
1 -0.000023
1 -0.000006
1 0.000059
1 -0.000006
1 -0.000007
1 0.000014
1 0.000082
1 -0.000015
1 -0.000004
1 -0.000029
1 0.000120
1 -0.000009
1 0.000019
1 0.000001
1 0.000053
1 -0.000027
1 -0.000033
1 -0.000000
1 0.000114
1 0.000097
1 -0.000069
1 -0.000038
1 0.000011
1 -0.000017
1 -0.000019
1 0.000090
1 0.000088
1 0.000001
1 0.000023
1 0.000065
1 0.000010
1 -0.000034
1 0.000098
1 0.000002
1 0.000348
1 0.000118
1 0.000006
1 0.000100
1 -0.000152
1 0.000009
1 0.000008
1 -0.000057
1 0.000107
1 0.000068
1 -0.000006
1 0.000021
1 0.000027
1 0.000061
1 -0.000072
1 0.000057
1 0.000073
1 -0.000035
1 0.000002
1 0.000179
1 0.000258
1 0.000002
1 0.000123
1 0.000052
1 0.000078
1 0.000035
1 -0.000014
1 0.000000
1 0.000011
1 0.000100
1 0.000022
1 0.000091
1 0.000050
1 -0.000036
1 0.000009
1 0.000017
1 0.000069
1 -0.000004
1 0.000015
1 -0.000069
1 -0.000016
1 0.000009
1 0.000006
1 -0.000004
1 0.000193
1 0.000207
1 0.000073
1 0.000080
1 -0.000131
1 0.000069
1 0.000023
1 -0.000003
1 0.000162
1 -0.000031
1 0.000044
1 0.000028
1 -0.000006
1 0.000004
1 0.000004
1 -0.000008
1 0.000028
1 0.000030
1 0.000020
1 0.000007
1 0.000027
1 -0.000080
1 -0.000049
1 0.000069
1 -0.000029
1 0.000002
1 0.000089
1 0.000043
1 0.000124
1 0.000100
1 0.000163
1 0.000011
1 0.000175
1 0.000075
1 0.000071
1 -0.000033
1 -0.000111
1 0.000081
1 -0.000013
1 -0.000136
1 0.000045
1 0.000065
1 0.000054
1 0.000025
1 -0.000142
1 0.000107
1 0.000027
1 0.000122
1 0.000033
1 0.000059
1 -0.000058
1 0.000016
1 0.000041
1 0.000002
1 0.000021
1 0.000060
1 -0.000045
1 -0.000060
1 0.000040
1 0.000012
1 0.000004
1 0.000054
1 0.000028
1 -0.000209
1 0.000012
1 -0.000037
1 0.000043
1 -0.000004
1 0.000087
1 0.000016
1 -0.000031
1 -0.000074
1 0.000076
1 0.000044
1 0.000033
1 -0.000027
1 -0.000007
1 0.000111
1 0.000101
1 -0.000009
1 0.000034
1 0.000018
1 0.000069
1 0.000014
1 -0.000029
1 -0.000032
1 -0.000035
1 0.000162
1 -0.000078
1 0.000176
1 0.000098
1 0.000029
1 -0.000038
1 0.000097
1 -0.000013
1 0.000058
1 0.000006
1 -0.000086
1 0.000003
1 -0.000012
1 -0.000007
1 0.000017
1 0.000196
1 -0.000102
1 0.000015
1 0.000048
1 -0.000056
1 -0.000005
1 0.000013
1 0.000042
1 0.000004
1 -0.000008
1 -0.000034
1 0.000005
1 -0.000037
1 0.000049
1 0.000023
1 0.000139
1 0.000131
1 -0.000121
1 -0.000018
1 0.000004
1 -0.000006
1 0.000127
1 0.000053
1 0.000103
1 0.000010
1 -0.000134
1 0.000025
1 -0.000100
1 -0.000009
1 -0.000090
1 0.000094
1 0.000111
1 0.000077
1 0.000104
1 0.000007
1 0.000030
1 -0.000030
1 -0.000000
1 0.000047
1 -0.000036
1 -0.000042
1 -0.000063
1 0.000189
1 -0.000061
1 0.000065
1 0.000011
1 -0.000008
1 -0.000030
1 0.000155
1 0.000030
1 0.000003
1 0.000061
1 0.000026
1 0.000084
1 0.000163
1 0.000006
1 -0.000006
1 -0.000082
1 -0.000012
1 -0.000012
1 0.000139
1 0.000004
1 0.000002
1 0.000105
1 0.000049
1 0.000188
1 0.000031
1 0.000031
1 0.000041
1 0.000122
1 0.000144
1 -0.000005
1 0.000070
1 0.000003
1 0.000011
1 0.000091
1 -0.000034
1 -0.000017
1 -0.000016
1 0.000004
1 0.000020
1 0.000286
1 0.000269
1 0.000005
1 -0.000011
1 -0.000029
1 0.000114
1 0.000017
1 -0.000031
1 0.000080
1 0.000012
1 0.000031
1 -0.000017
1 -0.000007
1 -0.000006
1 -0.000053
1 0.000116
1 0.000160
1 0.000049
1 0.000073
1 0.000143
1 0.000005
1 0.000066
1 -0.000032
1 -0.000004
1 0.000026
1 0.000012
1 0.000010
1 0.000057
1 0.000065
1 0.000057
1 0.000016
1 -0.000007
1 -0.000007
1 -0.000023
1 -0.000072
1 -0.000067
1 -0.000020
1 0.000027
1 0.000052
1 0.000199
1 0.000032
1 0.000112
1 0.000028
1 0.000015
1 -0.000045
1 -0.000009
1 0.000053
1 -0.000021
1 0.000075
1 0.000211
1 -0.000009
1 -0.000043
1 0.000011
1 0.000107
1 -0.000009
1 0.000019
1 0.000002
1 0.000063
1 -0.000160
1 0.000015
1 0.000028
1 0.000199
1 -0.000001
1 -0.000014
1 -0.000060
1 -0.000035
1 0.000113
1 0.000003
1 0.000004
1 0.000020
1 0.000054
1 -0.000044
1 -0.000020
1 -0.000101
1 0.000054
1 -0.000127
1 -0.000055
1 0.000133
1 -0.000060
1 -0.000047
1 0.000101
1 0.000011
1 0.000080
1 0.000073
1 0.000071
1 -0.000030
1 0.000037
1 0.000029
1 0.000005
1 0.000036
1 0.000012
1 -0.000042
1 -0.000053
1 -0.000021
1 0.000008
1 -0.000042
1 -0.000101
1 0.000034
1 0.000054
1 0.000038
1 -0.000068
1 0.000004
1 0.000048
1 0.000098
1 -0.000150
1 0.000044
1 0.000125
1 -0.000096
1 0.000003
1 -0.000017
1 0.000023
1 -0.000042
1 0.000066
1 -0.000001
1 0.000075
1 0.000048
1 0.000033
1 -0.000153
1 -0.000016
1 0.000009
1 0.000024
1 0.000018
1 0.000052
1 0.000042
1 -0.000059
1 -0.000214
1 0.000096
1 0.000013
1 -0.000024
1 0.000067
1 0.000125
1 0.000065
1 0.000070
1 -0.000000
1 -0.000036
1 0.000025
1 -0.000068
1 0.000101
1 -0.000075
1 0.000011
1 0.000041
1 0.000009
1 -0.000078
1 -0.000023
1 0.000039
1 0.000106
1 0.000096
1 0.000057
1 -0.000048
1 -0.000038
1 0.000043
1 -0.000011
1 -0.000087
1 0.000015
1 -0.000020
1 0.000064
1 0.000030
1 0.000053
1 0.000154
1 0.000075
1 -0.000002
1 0.000032
1 0.000031
1 -0.000058
1 0.000134
1 0.000006
1 -0.000011
1 -0.000013
1 0.000005
1 0.000057
1 -0.000168
1 0.000042
1 0.000099
1 -0.000029
1 0.000093
1 -0.000090
1 0.000012
1 0.000078
1 -0.000015
1 -0.000031
1 -0.000009
1 -0.000000
1 -0.000058
1 -0.000020
1 0.000011
1 0.000014
1 -0.000145
1 0.000021
1 -0.000031
1 0.000006
1 0.000061
1 0.000006
1 -0.000057
1 0.000057
1 0.000038
1 -0.000056
1 -0.000034
1 0.000043
1 0.000089
1 0.000165
1 -0.000009
1 0.000023
1 -0.000020
1 -0.000201
1 0.000054
1 -0.000004
1 -0.000070
1 -0.000038
1 -0.000088
1 0.000140
1 0.000071
1 0.000008
1 -0.000018
1 0.000028
1 0.000016
1 -0.000016
1 0.000024
1 0.000059
1 0.000010
1 0.000077
1 -0.000025
1 0.000033
1 0.000017
1 -0.000006
1 0.000019
1 -0.000048
1 0.000101
1 -0.000032
1 -0.000021
1 -0.000006
1 0.000009
1 0.000042
1 -0.000006
1 -0.000010
1 -0.000004
1 0.000135
1 0.000091
1 0.000014
1 0.000087
1 0.000033
1 -0.000042
1 0.000107
1 0.000056
1 -0.000118
1 0.000062
1 0.000004
1 -0.000039
1 -0.000012
1 0.000031
1 -0.000011
1 0.000096
1 -0.000004
1 -0.000064
1 0.000033
1 -0.000064
1 0.000040
1 0.000051
1 0.000183
1 0.000028
1 -0.000010
1 -0.000154
1 0.000024
1 0.000039
1 0.000011
1 0.000046
1 -0.000097
1 -0.000089
1 0.000021
1 0.000033
1 -0.000002
1 0.000061
1 -0.000032
1 0.000030
1 -0.000038
1 -0.000062
1 -0.000058
1 0.000003
1 0.000108
1 -0.000071
1 0.000121
1 -0.000017
1 0.000047
1 -0.000038
1 -0.000079
1 -0.000045
1 -0.000030
1 0.000060
1 0.000005
1 0.000069
1 0.000015
1 0.000022
1 -0.000003
1 -0.000033
1 0.000029
1 -0.000096
1 0.000119
1 -0.000051
1 -0.000063
1 0.000017
1 -0.000004
1 0.000017
1 0.000089
1 0.000079
1 0.000060
1 0.000063
1 -0.000098
1 -0.000043
1 0.000049
1 0.000001
1 0.000060
1 0.000080
1 0.000070
1 0.000008
1 0.000052
1 0.000019
1 -0.000023
1 0.000179
1 0.000199
1 -0.000005
1 0.000021
1 -0.000024
1 0.000006
1 -0.000003
1 -0.000005
1 0.000029
1 0.000086
1 0.000010
1 -0.000004
1 0.000037
1 0.000019
1 0.000041
1 -0.000028
1 0.000068
1 0.000168
1 0.000037
1 -0.000009
1 0.000021
1 0.000055
1 0.000001
1 0.000029
1 0.000003
1 0.000020
1 0.000104
1 0.000231
1 0.000038
1 0.000124
1 -0.000054
1 0.000127
1 -0.000102
1 0.000021
1 0.000017
1 0.000147
1 0.000000
1 0.000055
1 0.000027
1 0.000019
1 0.000045
1 -0.000016
1 0.000006
1 -0.000012
1 0.000021
1 0.000081
1 -0.000039
1 0.000015
1 0.000012
1 0.000066
1 0.000000
1 -0.000072
1 -0.000016
1 -0.000001
1 -0.000020
1 -0.000005
1 0.000139
1 -0.000034
1 0.000047
1 0.000003
1 0.000104
1 -0.000017
1 -0.000052
1 -0.000004
1 0.000013
1 0.000031
1 0.000069
1 0.000094
1 -0.000093
1 -0.000066
1 0.000079
1 -0.000006
1 0.000011
1 0.000000
1 0.000021
1 0.000006
1 -0.000006
1 -0.000047
1 0.000104
1 0.000026
1 0.000059
1 0.000243
1 0.000101
1 0.000045
1 -0.000006
1 -0.000100
1 -0.000000
1 0.000003
1 -0.000031
1 0.000042
1 -0.000001
1 -0.000018
1 -0.000007
1 0.000046
1 -0.000060
1 0.000063
1 0.000008
1 0.000011
1 -0.000003
1 0.000166
1 0.000005
1 0.000046
1 -0.000020
1 0.000022
1 0.000057
1 0.000018
1 -0.000033
1 0.000118
1 0.000020
1 0.000135
1 -0.000294
1 -0.000030
1 0.000097
1 0.000134
1 0.000013
1 0.000201
1 0.000123
1 0.000058
1 0.000023
1 0.000102
1 0.000017
1 -0.000003
1 -0.000034
1 0.000012
1 -0.000039
1 -0.000026
1 -0.000200
1 0.000024
1 0.000008
1 -0.000047
1 -0.000148
1 0.000018
1 0.000085
1 0.000005
1 0.000041
1 -0.000012
1 0.000021
1 -0.000072
1 0.000011
1 0.000012
1 0.000012
1 0.000048
1 0.000038
1 -0.000027
1 0.000046
1 -0.000051
1 -0.000060
1 -0.000010
1 -0.000009
1 0.000213
1 0.000018
1 0.000069
1 -0.000004
1 -0.000028
1 0.000027
1 0.000096
1 0.000168
1 0.000034
1 0.000045
1 -0.000009
1 -0.000001
1 0.000000
1 -0.000016
1 0.000032
1 0.000046
1 -0.000103
1 -0.000009
1 0.000142
1 0.000075
1 0.000071
1 -0.000118
1 -0.000011
1 -0.000023
1 0.000141
1 0.000088
1 0.000056
1 -0.000046
1 0.000022
1 0.000147
1 0.000117
1 0.000056
1 -0.000048
1 0.000133
1 0.000033
1 -0.000257
1 0.000008
1 0.000018
1 -0.000007
1 0.000010
1 0.000106
1 0.000042
1 -0.000022
1 0.000043
1 0.000099
1 -0.000020
1 0.000101
1 0.000031
1 0.000065
1 0.000062
1 0.000028
1 0.000060
1 -0.000001
1 0.000152
1 0.000048
1 -0.000057
1 0.000126
1 -0.000105
1 0.000006
1 0.000008
1 -0.000073
1 0.000105
1 0.000014
1 -0.000018
1 0.000146
1 0.000081
1 0.000005
1 0.000047
1 0.000044
1 -0.000083
1 -0.000011
1 -0.000003
1 -0.000087
1 0.000084
1 0.000088
1 0.000092
1 -0.000009
1 -0.000058
1 -0.000010
1 0.000060
1 0.000037
1 -0.000005
1 -0.000011
1 0.000122
1 0.000013
1 0.000010
1 0.000092
1 -0.000017
1 0.000134
1 -0.000040
1 0.000024
1 -0.000020
1 0.000011
1 0.000065
1 0.000007
1 0.000054
1 0.000089
1 0.000127
1 0.000000
1 0.000019
1 -0.000064
1 0.000059
1 -0.000064
1 -0.000008
1 -0.000071
1 0.000031
1 0.000025
1 0.000019
1 0.000079
1 0.000008
1 0.000014
1 0.000005
1 0.000026
1 0.000032
1 0.000058
1 0.000044
1 0.000094
1 0.000038
1 0.000155
1 -0.000012
1 -0.000001
1 0.000035
1 -0.000075
1 0.000116
1 0.000145
1 0.000011
1 -0.000010
1 0.000208
1 0.000111
1 0.000083
1 -0.000012
1 0.000076
1 -0.000008
1 0.000083
1 0.000000
1 0.000214
1 -0.000008
1 0.000176
1 -0.000023
1 0.000040
1 0.000076
1 0.000043
1 0.000001
1 -0.000059
1 0.000026
1 -0.000012
1 0.000113
1 0.000090
1 0.000004
1 -0.000132
1 0.000064
1 0.000044
1 -0.000039
1 0.000119
1 0.000026
1 0.000047
1 -0.000041
1 0.000019
1 0.000064
1 -0.000017
1 -0.000007
1 -0.000222
1 -0.000107
1 0.000086
1 0.000016
1 0.000096
1 0.000034
1 0.000114
1 0.000018
1 0.000014
1 0.000088
1 0.000077
1 0.000036
1 0.000019
1 0.000007
1 0.000029
1 0.000050
1 0.000040
1 -0.000003
1 -0.000003
1 -0.000070
1 -0.000093
1 -0.000023
1 -0.000039
1 0.000075
1 -0.000031
1 0.000053
1 -0.000030
1 0.000022
1 0.000010
1 -0.000028
1 0.000117
1 0.000010
1 0.000106
1 0.000000
1 0.000009
1 -0.000038
1 -0.000004
1 0.000051
1 -0.000083
1 0.000056
1 0.000016
1 0.000019
1 0.000024
1 0.000121
1 0.000024
1 -0.000003
1 0.000010
1 -0.000110
1 0.000012
1 0.000017
1 0.000024
1 0.000076
1 0.000031
1 0.000023
1 -0.000070
1 -0.000022
1 0.000015
1 0.000085
1 0.000012
1 0.000014
1 -0.000001
1 -0.000117
1 0.000054
1 0.000065
1 0.000055
1 -0.000081
1 0.000001
1 0.000005
1 0.000053
1 -0.000013
1 0.000014
1 0.000017
1 -0.000089
1 0.000067
1 -0.000035
1 -0.000011
1 -0.000026
1 0.000021
1 -0.000034
1 -0.000034
1 -0.000034
1 -0.000071
1 0.000014
1 -0.000024
1 -0.000059
1 -0.000010
1 0.000097
1 0.000079
1 0.000026
1 -0.000001
1 -0.000034
1 -0.000061
1 0.000085
1 0.000109
1 -0.000071
1 0.000086
1 0.000179
1 -0.000082
1 -0.000049
1 0.000028
1 0.000527
1 0.000004
1 0.000020
1 -0.000097
1 -0.000094
1 0.000012
1 -0.000052
1 -0.000101
1 0.000112
1 -0.000024
1 0.000070
1 0.000103
1 0.000003
1 0.000082
1 -0.000034
1 0.000052
1 -0.000070
1 0.000076
1 -0.000104
1 0.000114
1 -0.000018
1 0.000008
1 0.000035
1 0.000036
1 0.000061
1 0.000152
1 -0.000182
1 0.000076
1 -0.000023
1 0.000147
1 -0.000034
1 -0.000013
1 0.000060
1 0.000055
1 0.000071
1 -0.000027
1 0.000122
1 0.000047
1 0.000019
1 0.000116
1 -0.000009
1 0.000014
1 -0.000054
1 0.000008
1 0.000022
1 0.000050
1 0.000058
1 0.000003
1 -0.000107
1 0.000200
1 0.000038
1 -0.000094
1 -0.000042
1 0.000097
1 0.000096
1 -0.000066
1 -0.000005
1 -0.000092
1 0.000035
1 0.000039
1 0.000001
1 0.000043
1 0.000066
1 0.000046
1 0.000101
1 0.000025
1 0.000073
1 0.000059
1 -0.000006
1 -0.000040
1 0.000019
1 0.000044
1 -0.000011
1 -0.000056
1 -0.000002
1 -0.000004
1 -0.000035
1 0.000044
1 -0.000116
1 -0.000061
1 0.000115
1 0.000085
1 0.000111
1 0.000041
1 -0.000028
1 0.000008
1 0.000062
1 -0.000026
1 0.000031
1 0.000047
1 0.000230
1 0.000122
1 -0.000018
1 0.000305
1 -0.000020
1 0.000006
1 0.000028
1 -0.000071
1 -0.000012
1 -0.000051
1 -0.000038
1 0.000050
1 -0.000050
1 0.000052
1 0.000060
1 -0.000011
1 -0.000035
1 0.000046
1 0.000077
1 -0.000020
1 -0.000001
1 0.000019
1 0.000053
1 0.000008
1 0.000009
1 0.000049
1 -0.000053
1 0.000111
1 0.000056
1 0.000036
1 -0.000041
1 0.000076
1 0.000093
1 0.000052
1 0.000052
1 0.000184
1 -0.000049
1 -0.000010
1 0.000022
1 0.000013
1 -0.000076
1 0.000110
1 -0.000173
1 0.000065
1 0.000095
1 -0.000066
1 -0.000002
1 -0.000009
1 0.000008
1 -0.000012
1 0.000007
1 0.000121
1 -0.000058
1 -0.000000
1 0.000008
1 0.000101
1 -0.000106
1 -0.000064
1 -0.000004
1 0.000029
1 0.000115
1 -0.000018
1 0.000006
1 0.000099
1 0.000009
1 0.000029
1 0.000271
1 0.000078
1 -0.000032
1 0.000177
