1 -0.000446
1 0.000205
1 0.000007
1 -0.000043
1 -0.000033
1 -0.000025
1 0.000052
1 0.000011
1 -0.000081
1 0.000099
1 -0.000022
1 0.000257
1 0.000000
1 0.000019
1 0.000207
1 0.000005
1 -0.000028
1 0.000003
1 0.000031
1 0.000097
1 0.000012
1 0.000248
1 0.000316
1 0.000058
1 -0.000078
1 0.000001
1 0.000027
1 0.000004
1 0.000005
1 0.000171
1 0.000007
1 0.000177
1 -0.000064
1 -0.000070
1 0.000123
1 -0.000312
1 -0.000036
1 0.000069
1 -0.000019
1 -0.000047
1 0.000046
1 0.000254
1 0.000082
1 0.000307
1 0.000018
1 0.000093
1 0.000008
1 0.000195
1 0.000092
1 0.000156
1 0.000072
1 0.000029
1 0.000079
1 0.000125
1 0.000142
1 0.000008
1 0.000296
1 0.000018
1 -0.000279
1 -0.000070
1 -0.000028
1 0.000037
1 -0.000023
1 0.000038
1 0.000328
1 0.000265
1 -0.000342
1 -0.000006
1 0.000015
1 -0.000020
1 -0.000196
1 -0.000026
1 0.000089
1 0.000005
1 -0.000012
1 0.000061
1 0.000011
1 0.000084
1 0.000360
1 -0.000112
1 0.000024
1 -0.000059
1 -0.000077
1 0.000045
1 -0.000141
1 0.000367
1 -0.000067
1 0.000040
1 -0.000017
1 0.000038
1 0.000154
1 0.000025
1 0.000162
1 0.000063
1 0.000079
1 -0.000038
1 0.000374
1 0.000097
1 0.000029
1 0.000311
1 0.000043
1 -0.000007
1 -0.000059
1 0.000056
1 0.000022
1 0.000055
1 0.000008
1 -0.000014
1 -0.000063
1 -0.000002
1 -0.000020
1 0.000049
1 0.000779
1 0.000010
1 0.000029
1 0.000142
1 0.000910
1 -0.000004
1 0.000090
1 0.000137
1 0.000336
1 0.000078
1 -0.000011
1 0.000195
1 -0.000076
1 0.000096
1 0.000507
1 0.000029
1 0.000033
1 0.000405
1 0.000297
1 0.000094
1 -0.000019
1 0.000057
1 0.000007
1 0.000012
1 0.000019
1 0.000041
1 0.000015
1 0.000063
1 0.000023
1 -0.000023
1 0.000345
1 -0.000033
1 0.000052
1 0.000064
1 0.000041
1 0.000041
1 0.000152
1 -0.000015
1 0.000047
1 0.000006
1 0.000009
1 0.000149
1 0.000094
1 0.000056
1 0.000265
1 -0.000277
1 0.000018
1 0.000012
1 0.000074
1 -0.000175
1 -0.000000
1 0.000058
1 -0.000053
1 0.000027
1 0.000115
1 0.000154
1 0.000005
1 0.000022
1 -0.000001
1 0.000016
1 0.000109
1 0.000120
1 0.000240
1 0.000070
1 -0.000041
1 0.000150
1 0.000056
1 0.000008
1 -0.000030
1 -0.000015
1 -0.000049
1 0.000051
1 0.000126
1 0.000083
1 0.000043
1 0.000074
1 0.000254
1 0.000278
1 0.000283
1 0.000031
1 0.000326
1 0.000002
1 0.000226
1 -0.000005
1 0.000003
1 -0.000009
1 0.000196
1 -0.000081
1 0.000129
1 -0.000086
1 0.000148
1 0.000144
1 0.000013
1 0.000048
1 0.000094
1 0.000070
1 0.000030
1 -0.000136
1 -0.000003
1 0.000121
1 0.000022
1 0.000010
1 0.000011
1 0.000009
1 -0.000012
1 0.000013
1 -0.000038
1 -0.000013
1 -0.000093
1 0.000034
1 -0.000015
1 -0.000003
1 0.000107
1 -0.000268
1 0.000002
1 0.000041
1 0.000008
1 0.000013
1 0.000142
1 -0.000024
1 -0.000039
1 0.000166
1 0.000626
1 -0.000029
1 0.000025
1 0.000083
1 0.000101
1 0.000003
1 0.000242
1 0.000072
1 -0.000031
1 0.000054
1 0.000029
1 -0.000086
1 -0.000003
1 -0.000010
1 0.000313
1 0.000102
1 0.000025
1 0.000160
1 0.000016
1 -0.000137
1 0.000126
1 0.000134
1 0.000081
1 -0.000036
1 0.000372
1 0.000047
1 0.000022
1 -0.000067
1 0.000187
1 0.000307
1 0.000212
1 0.000026
1 -0.000015
1 0.000043
1 0.000063
1 0.000021
1 -0.000009
1 0.000034
1 0.000048
1 -0.000045
1 0.000185
1 0.000630
1 0.000014
1 -0.000042
1 -0.000047
1 0.000024
1 0.000205
1 0.000002
1 -0.000148
1 0.000094
1 0.000144
1 0.000138
1 0.000013
1 -0.000086
1 0.000074
1 -0.000136
1 -0.000200
1 0.000039
1 0.000083
1 0.000153
1 -0.000026
1 0.000218
1 0.000316
1 0.000098
1 -0.000027
1 0.000011
1 0.000121
1 0.000036
1 -0.000022
1 0.000134
1 0.000000
1 0.000019
1 0.000034
1 0.000006
1 0.000022
1 0.000020
1 -0.000041
1 0.000193
1 -0.000040
1 0.000069
1 0.000004
1 -0.000214
1 0.000028
1 -0.000082
1 0.000053
1 0.000069
1 0.000199
1 0.000080
1 -0.000093
1 0.000033
1 -0.000006
1 -0.000018
1 0.000011
1 -0.000012
1 -0.000108
1 0.000497
1 0.000025
1 -0.000169
1 -0.000004
1 0.000030
1 -0.000021
1 -0.000144
1 -0.000148
1 -0.000029
1 0.000037
1 0.000088
1 0.000099
1 0.000012
1 0.000173
1 0.000058
1 0.000009
1 -0.000456
1 0.000080
1 0.000085
1 0.000055
1 0.000075
1 -0.000304
1 0.000067
1 0.000074
1 0.000024
1 -0.000005
1 0.000024
1 -0.000014
1 -0.000036
1 -0.000059
1 0.000000
1 -0.000022
1 0.000025
1 0.000030
1 0.000050
1 0.000120
1 0.000017
1 -0.000027
1 -0.000066
1 -0.000167
1 0.000308
1 0.000097
1 -0.000003
1 -0.000138
1 0.000091
1 0.000041
1 0.000300
1 0.000006
1 0.000000
1 0.000002
1 0.000291
1 0.000011
1 0.000034
1 0.000000
1 0.000026
1 0.000000
1 0.000055
1 0.000059
1 0.000417
1 0.000025
1 0.000162
1 -0.000044
1 0.000074
1 0.000130
1 -0.000000
1 -0.000128
1 0.000457
1 -0.000032
1 -0.000060
1 -0.000016
1 0.000111
1 -0.000003
1 -0.000153
1 -0.000056
1 0.000089
1 -0.000005
1 0.000057
1 0.000032
1 0.000011
1 -0.000051
1 0.000074
1 -0.000076
1 0.000033
1 0.000034
1 0.000076
1 0.000033
1 0.000149
1 -0.000026
1 0.000132
1 0.000036
1 -0.000019
1 -0.000023
1 0.000092
1 0.000098
1 -0.000173
1 0.000061
1 -0.000028
1 0.000249
1 -0.000003
1 -0.000130
1 0.000073
1 0.000004
1 0.000177
1 0.000319
1 0.000192
1 0.000016
1 0.000698
1 -0.000105
1 0.000017
1 -0.000282
1 -0.000012
1 0.000015
1 -0.000018
1 0.000194
1 0.000007
1 0.000191
1 0.000028
1 0.000069
1 0.000091
1 0.000029
1 0.000030
1 0.000070
1 0.000220
1 -0.000010
1 0.000001
1 0.000037
1 0.000115
1 -0.000015
1 0.001124
1 0.000117
1 -0.000003
1 0.000067
1 -0.000012
1 0.000721
1 0.000035
1 -0.000003
1 0.000072
1 -0.000029
1 0.000001
1 0.000041
1 -0.000015
1 -0.000019
1 0.000001
1 0.000152
1 0.000043
1 0.000052
1 -0.000123
1 0.000169
1 0.000053
1 -0.000056
1 0.000172
1 0.000035
1 0.000239
1 -0.000199
1 0.000794
1 -0.000014
1 0.000757
1 0.000222
1 0.000143
1 0.000018
1 0.000059
1 0.000048
1 -0.000037
1 0.000055
1 0.000448
1 0.000005
1 0.000679
1 0.000281
1 0.000043
1 0.000074
1 -0.000019
1 0.000011
1 0.000000
1 -0.000023
1 -0.000101
1 0.000271
1 0.000122
1 0.000079
1 0.000103
1 -0.000031
1 0.000029
1 0.000005
1 0.000036
1 0.000014
1 0.000242
1 -0.000148
1 -0.000062
1 -0.000069
1 -0.000073
1 -0.000036
1 0.000009
1 0.000086
1 0.000019
1 0.000062
1 0.000059
1 -0.000224
1 0.000067
1 0.000040
1 0.000425
1 0.000008
1 0.000355
1 -0.000012
1 0.000023
1 0.000015
1 -0.000099
1 0.000080
1 0.000139
1 0.000223
1 -0.000085
1 0.000024
1 0.000040
1 -0.000236
1 0.000022
1 -0.000011
1 -0.000050
1 0.000024
1 0.000031
1 -0.000199
1 0.000243
1 0.000021
1 0.000107
1 -0.000009
1 0.000000
1 0.000007
1 -0.000399
1 0.000091
1 0.000082
1 0.000158
1 -0.000042
1 0.000033
1 0.000040
1 0.000197
1 0.000041
1 0.000158
1 0.000460
1 0.000042
1 0.000095
1 -0.000160
1 0.000058
1 0.000033
1 0.000002
1 0.000013
1 0.000090
1 0.000096
1 0.000044
1 0.000025
1 0.000011
1 -0.000004
1 0.000385
1 0.000002
1 0.000024
1 0.000036
1 -0.000062
1 0.000057
1 0.000106
1 -0.000028
1 0.000134
1 -0.000176
1 0.000054
1 0.000254
1 -0.000001
1 -0.000005
1 -0.000020
1 0.000438
1 0.000538
1 -0.000055
1 0.000025
1 0.000026
1 0.000191
1 0.000201
1 0.000001
1 0.000150
1 0.000018
1 0.000134
1 0.000308
1 -0.000005
1 -0.000042
1 0.000149
1 -0.000166
1 0.000011
1 -0.000088
1 0.000211
1 -0.000054
1 0.000003
1 0.000006
1 0.000004
1 0.000057
1 -0.000002
1 -0.000072
1 0.000293
1 0.000613
1 -0.000001
1 -0.000052
1 0.000069
1 0.000077
1 0.000047
1 0.000056
1 -0.000107
1 -0.000169
1 0.000003
1 -0.000019
1 0.000176
1 -0.000055
1 0.000240
1 0.000162
1 0.000129
1 -0.000205
1 -0.000071
1 0.000202
1 0.000385
1 0.000011
1 -0.000039
1 0.000072
1 0.000384
1 0.000021
1 0.000614
1 0.000097
1 0.000022
1 0.000080
1 -0.000119
1 -0.000007
1 0.000005
1 0.000274
1 0.000145
1 0.000000
1 0.000114
1 0.000036
1 -0.000190
1 0.000008
1 0.000011
1 0.000006
1 0.000074
1 0.000000
1 0.000112
1 0.000022
1 -0.000008
1 0.000155
1 -0.000022
1 -0.000017
1 0.000116
1 0.000046
1 0.000310
1 0.000030
1 -0.000012
1 0.000468
1 -0.000053
1 -0.000008
1 -0.000016
1 0.000053
1 0.000011
1 0.000154
1 0.000731
1 -0.000199
1 0.000215
1 -0.000019
1 0.000107
1 -0.000190
1 0.000101
1 0.000287
1 -0.000118
1 -0.000017
1 0.000052
1 0.000305
1 -0.000018
1 -0.000058
1 0.000006
1 0.000050
1 0.000071
1 0.000102
1 0.000127
1 -0.000037
1 -0.000140
1 0.000057
1 0.000736
1 -0.000130
1 0.000012
1 0.000627
1 0.000025
1 -0.000022
1 -0.000003
1 0.000003
1 0.000015
1 0.000006
1 0.000119
1 -0.000065
1 0.000102
1 -0.000010
1 0.000041
1 0.000290
1 -0.000032
1 -0.000240
1 0.000135
1 0.000338
1 0.000192
1 0.000313
1 -0.000013
1 0.000023
1 -0.000332
1 0.000017
1 -0.000031
1 -0.000113
1 0.000028
1 0.000320
1 -0.000004
1 0.000011
1 -0.000118
1 0.000167
1 -0.000132
1 0.000020
1 0.000392
1 0.000068
1 0.000131
1 0.000058
1 0.000170
1 0.000021
1 0.000000
1 0.000134
1 0.000002
1 0.000138
1 0.000016
1 -0.000038
1 -0.000008
1 0.000016
1 0.000996
1 0.000046
1 -0.000051
1 -0.000022
1 0.000047
1 0.000003
1 0.000096
1 0.000028
1 -0.000177
1 0.000009
1 -0.000001
1 0.000000
1 0.000079
1 0.000049
1 0.000040
1 -0.000098
1 0.000185
1 0.001357
1 0.000173
1 0.000190
1 0.000046
1 0.000028
1 0.000071
1 0.000165
1 0.000023
1 0.000141
1 0.000105
1 0.000043
1 0.000075
1 0.000209
1 -0.000018
1 0.000110
1 0.000134
1 0.000099
1 0.000133
1 0.000015
1 -0.000009
1 0.000109
1 0.000120
1 0.000194
1 0.000234
1 -0.000038
1 0.000026
1 0.000327
1 0.000052
1 0.000053
1 0.000000
1 -0.000008
1 0.000401
1 0.000043
1 0.000033
1 -0.000007
1 0.000012
1 0.000155
1 0.000180
1 0.000219
1 -0.000004
1 -0.000216
1 0.000169
1 0.000244
1 -0.000137
1 0.000056
1 -0.000007
1 -0.000016
1 0.000088
1 -0.000017
1 0.000067
1 0.000068
1 0.000808
1 -0.000050
1 0.000091
1 0.000026
1 -0.000046
1 -0.000097
1 0.000070
1 0.000061
1 0.000008
1 -0.000085
1 0.000125
1 0.000281
1 -0.000449
1 0.000070
1 -0.000266
1 -0.000268
1 -0.000085
1 0.000122
1 0.000277
1 -0.000001
1 -0.000022
1 0.000006
1 0.000029
1 0.000006
1 0.000026
1 0.000038
1 -0.000030
1 0.000012
1 -0.000033
1 0.000152
1 -0.000093
1 0.000078
1 0.000062
1 0.000057
1 0.000015
1 0.001119
1 0.000159
1 0.000432
1 0.000049
1 -0.000277
1 0.000000
1 0.000001
1 0.000066
1 -0.000184
1 -0.000075
1 0.000234
1 0.000091
1 0.000014
1 -0.000057
1 0.000116
1 0.000074
1 0.000369
1 0.000185
1 0.000001
1 -0.000064
1 -0.000006
1 0.000232
1 0.000001
1 0.000018
1 0.000195
1 -0.000027
1 -0.000059
1 0.000020
1 0.000057
1 0.000022
1 0.000067
1 -0.000004
1 -0.000023
1 0.000108
1 0.000040
1 0.000033
1 -0.000031
1 -0.000012
1 0.000058
1 0.000141
1 0.000374
1 0.000047
1 0.000049
1 0.000358
1 0.000070
1 0.000229
1 0.000051
1 0.000057
1 0.000004
1 0.000129
1 -0.000010
1 0.000630
1 0.000436
1 0.000034
1 0.000117
1 0.000085
1 -0.000197
1 -0.000166
1 -0.000031
1 -0.000010
1 0.000243
1 0.000097
1 0.000012
1 0.000093
1 -0.000015
1 -0.000042
1 0.000102
1 -0.000084
1 0.000018
1 -0.000057
1 0.000029
1 0.000069
1 -0.000133
1 0.000202
1 -0.000455
1 0.000081
1 0.000015
1 0.000037
1 0.000134
1 0.000081
1 0.000089
1 0.000017
1 -0.000048
1 0.000219
1 -0.000085
1 0.000006
1 0.000032
1 -0.000001
1 0.000037
1 0.000083
1 -0.000111
1 0.000023
1 0.000047
1 0.000000
1 -0.000005
1 0.000093
1 -0.000374
1 0.000000
1 0.000024
1 -0.000025
1 0.000114
1 -0.000136
1 0.000128
1 -0.000049
1 0.000050
1 0.000066
1 -0.000002
1 -0.000027
1 0.000089
1 -0.000080
1 0.000138
1 0.000140
1 0.000025
1 -0.000001
1 -0.000004
1 -0.000004
1 -0.000022
1 0.000253
1 -0.000079
1 -0.000000
1 0.000096
1 -0.000039
1 0.000136
1 0.000090
1 0.000008
1 -0.000035
1 -0.000093
1 0.000175
1 0.000017
1 0.000064
1 0.000002
1 -0.000092
1 -0.000123
1 0.000161
1 0.000004
1 0.000041
1 0.000092
1 0.000064
1 -0.000024
1 0.000082
1 0.000139
1 0.000303
1 0.000010
1 0.000189
1 0.000069
1 0.000053
1 0.000092
1 -0.000099
1 0.000087
1 0.000067
1 0.000037
1 0.000003
1 0.000011
1 0.000033
1 -0.000037
1 0.000308
1 -0.000005
1 -0.000295
1 0.000107
1 -0.000143
1 0.000051
1 -0.000002
1 -0.000031
1 0.000074
1 -0.000016
1 0.000205
1 -0.000000
1 -0.000047
1 0.000039
1 0.000025
1 0.000003
1 -0.000005
1 -0.000021
1 0.000204
1 -0.000131
1 0.000155
1 0.000754
1 0.000052
1 0.000567
1 0.000000
1 -0.000022
1 0.000027
1 0.000037
1 0.000029
1 0.000185
1 0.000018
1 0.000070
1 0.000015
1 0.000248
1 0.000571
1 0.000088
1 0.000046
1 0.000082
1 -0.000020
1 0.000294
1 0.000048
1 0.000211
1 0.000057
1 0.000035
1 -0.000001
1 0.000101
1 0.000004
1 0.000139
1 -0.000132
1 0.000042
1 0.000130
1 -0.000032
1 0.000032
1 0.001003
1 -0.000134
1 -0.000047
1 0.000068
1 0.000461
1 0.000090
1 0.000483
1 0.000038
1 0.000078
1 0.000041
1 -0.000092
1 0.000159
1 -0.000059
1 -0.000011
1 -0.000050
1 0.000137
1 -0.000000
1 0.000084
1 0.000244
1 -0.000033
1 -0.000044
1 0.000080
1 0.000249
1 -0.000107
1 0.000219
1 -0.000009
1 0.000077
1 0.000092
1 0.000081
1 0.000014
1 0.000180
1 0.000105
1 -0.000017
1 -0.000046
1 0.000041
1 0.000018
1 -0.000010
1 0.000344
1 0.000032
1 -0.000071
1 -0.000037
1 0.000232
1 0.000405
1 -0.000037
1 0.000065
1 0.000052
1 0.000071
1 -0.000005
1 0.000371
1 0.000448
1 0.000153
1 0.000041
1 -0.000023
1 0.000072
1 0.000076
1 0.000120
1 0.000170
1 0.000148
1 -0.000057
1 0.000218
1 0.000075
1 -0.000035
1 -0.000061
1 0.000025
1 -0.000009
1 0.000051
1 0.000180
1 0.000007
1 -0.000053
1 -0.000014
1 0.000300
1 0.000104
1 0.000143
1 0.000241
1 -0.000030
1 0.000033
1 0.000017
1 0.000219
1 -0.000007
1 0.000015
1 -0.000019
1 0.000084
1 -0.000039
1 -0.000014
1 0.000134
1 0.000076
1 -0.000011
1 0.000013
1 -0.000028
1 0.000084
1 -0.000012
1 0.000034
1 0.000177
1 0.000115
1 0.000942
1 0.001161
1 0.000222
1 0.000183
1 0.000026
1 0.000043
1 0.001679
1 0.000079
1 -0.000004
1 0.000023
1 0.000426
1 0.000000
1 0.000003
1 0.000098
1 0.000130
1 0.000037
1 -0.000038
1 -0.000032
1 -0.000001
1 0.000120
1 -0.000010
1 0.000108
1 0.000214
1 0.000006
1 0.000150
1 -0.000001
1 0.000148
1 0.000268
1 -0.000021
1 -0.000001
1 0.000169
1 -0.000023
1 0.000206
1 0.000036
1 0.000252
1 -0.000010
1 0.000441
1 0.000095
1 0.000086
1 0.000010
1 0.000201
1 -0.000317
1 0.000025
1 -0.000003
1 -0.000008
1 0.000151
1 0.000116
1 0.000033
1 0.000215
1 0.000198
1 0.000011
1 0.000034
1 0.000107
1 0.000010
1 0.000006
1 0.000129
1 0.000111
1 0.000036
1 0.000072
1 0.000290
1 -0.000364
1 0.000125
1 -0.000027
1 0.000084
1 -0.000054
1 0.000008
1 0.000081
1 0.000015
1 0.000099
1 -0.000018
1 0.000081
1 0.000251
1 0.000011
1 0.000025
1 -0.000026
1 0.000018
1 -0.000206
1 0.000130
1 -0.000039
1 0.000005
1 0.000005
1 0.000084
1 0.000130
1 -0.000002
1 0.000052
1 0.000074
1 0.000232
1 0.000288
1 -0.000030
1 0.000110
1 0.000060
1 -0.000076
1 0.000553
1 0.000174
1 0.000157
1 -0.000034
1 0.000102
1 0.000028
1 0.000042
1 0.000064
1 0.000006
1 0.000072
1 0.000051
1 -0.000059
1 0.000002
1 0.000104
1 0.000061
1 0.000052
1 -0.000090
1 0.000049
1 0.000293
1 -0.000008
1 0.000058
1 -0.000087
1 -0.000002
1 0.000021
1 0.000033
1 0.000051
1 0.000045
1 -0.000048
1 0.000778
1 0.000022
1 0.000152
1 -0.000139
1 -0.000004
1 -0.000052
1 0.000167
1 0.000072
1 0.000014
1 0.000013
1 -0.000000
1 -0.000437
1 -0.000034
1 0.000026
1 0.000015
1 0.000174
1 0.000072
1 0.000003
1 0.000465
1 0.000071
1 0.000295
1 0.000028
1 0.000086
1 -0.000393
1 0.000102
1 0.000004
1 -0.000318
1 0.000278
1 -0.000019
1 0.000040
1 0.000009
1 0.000146
1 0.000105
1 0.000010
1 0.000240
1 -0.000031
1 -0.000046
1 0.000025
1 0.000054
1 -0.000162
1 0.000102
1 0.000203
1 0.000239
1 0.000020
1 0.000048
1 0.000010
1 -0.000110
1 0.000027
1 0.000040
1 0.000080
1 0.000042
1 0.000014
1 0.000032
1 0.000038
1 0.000225
1 0.000022
1 -0.000004
1 0.000056
1 -0.000020
1 -0.000255
1 0.000222
1 -0.000035
1 0.000041
1 0.000012
1 -0.000026
1 0.000012
1 0.000321
1 0.000112
1 -0.000112
1 -0.000091
1 -0.000032
1 0.000233
1 -0.000247
1 -0.000009
1 0.000326
1 -0.000062
1 -0.000043
1 -0.000073
1 -0.000226
1 0.000171
1 0.000105
1 0.000019
1 0.000000
1 -0.000079
1 0.000214
1 0.000277
1 0.000050
1 0.000146
1 0.000191
1 0.000065
1 0.000043
1 0.000163
1 -0.000013
1 0.000079
1 0.000030
1 -0.000075
1 0.000046
1 0.000175
1 -0.000014
1 0.000019
1 0.000250
1 -0.000194
1 -0.000011
1 -0.000099
1 0.000195
1 0.000176
1 0.000721
1 0.000011
1 0.000250
1 -0.000062
1 0.000026
1 0.000024
1 -0.000021
1 -0.000409
1 0.000166
1 0.000011
1 -0.000280
1 0.000216
1 0.000014
1 0.000860
1 -0.000009
1 0.000002
1 0.000049
1 0.000101
1 0.000028
1 0.000022
1 0.000374
1 0.000051
1 0.000258
1 -0.000259
1 0.000563
1 -0.000039
1 0.000028
1 -0.000062
1 -0.000273
1 0.000000
1 -0.000004
1 0.000143
1 0.000217
1 0.000022
1 0.000117
1 0.000133
1 0.000042
1 -0.000144
1 0.000176
1 0.000008
1 0.000059
1 0.000132
1 -0.000008
1 0.000088
1 -0.000074
1 0.000030
1 -0.000030
1 0.000360
1 -0.000001
1 -0.000091
1 0.000068
1 0.000196
1 -0.000047
1 0.000054
1 0.000000
1 0.000125
1 0.000036
1 0.000194
1 0.000014
1 0.000007
1 -0.000018
1 0.000058
1 0.000111
1 0.000068
1 0.000002
1 0.000140
1 0.000087
1 -0.000005
1 -0.000256
1 0.000029
1 -0.000069
1 0.000094
1 0.000305
1 -0.000073
1 0.000020
1 0.000205
1 0.000076
1 0.000012
1 0.000013
1 0.000092
1 0.000501
1 -0.000015
1 0.000155
1 -0.000023
1 0.000013
1 0.000018
1 0.000202
1 0.000097
1 0.000082
1 0.000069
1 -0.000006
1 0.000010
1 0.000004
1 0.000095
1 0.000018
1 -0.000007
1 0.000254
1 0.000197
1 0.000088
1 -0.000114
1 -0.000090
1 0.000041
1 0.000062
1 0.000004
1 -0.000045
1 -0.000088
1 -0.000011
1 0.000091
1 0.000210
1 0.000539
1 -0.000023
1 0.000070
1 -0.000080
1 0.000362
1 -0.000264
1 -0.000026
1 -0.000013
1 0.000024
1 -0.000320
1 0.000001
1 0.000097
1 0.000106
1 -0.000176
1 0.000231
1 0.000019
1 -0.000479
1 0.000293
1 -0.000054
1 0.000136
1 0.000001
1 0.000227
1 0.000005
1 0.000065
1 -0.000120
1 0.000266
1 0.000078
1 -0.000024
1 0.000033
1 0.000142
1 -0.000005
1 0.000036
1 0.000039
1 0.000142
1 0.000159
1 0.000010
1 0.000100
1 -0.000025
1 0.000042
1 0.000000
1 0.000007
1 0.000233
1 -0.000010
1 0.000023
1 0.000017
1 0.000145
1 0.000334
1 0.000027
1 0.000004
1 -0.000202
1 0.000016
1 -0.000271
1 -0.000061
1 0.000063
1 -0.000003
1 0.000032
1 0.000020
1 0.000152
1 0.000568
1 0.000001
1 -0.000013
1 0.000271
1 -0.000083
1 0.000031
1 0.000021
1 0.000044
1 0.000211
1 0.000117
1 0.000008
1 0.000039
1 -0.000007
1 0.000014
1 0.000097
1 -0.000028
1 0.000026
1 -0.000137
1 -0.000147
1 -0.000112
1 -0.000083
1 -0.000217
1 0.000119
1 -0.000304
1 0.000001
1 0.000093
1 0.000004
1 0.000292
1 -0.000018
1 -0.000004
1 0.000024
1 0.000601
1 0.000406
1 -0.000302
1 0.000126
1 -0.000023
1 -0.000003
1 0.000077
1 -0.000029
1 0.000056
1 0.000203
1 0.000052
1 -0.000032
1 0.000110
1 0.000015
1 0.000134
1 0.000088
1 0.000607
1 0.000020
1 0.000056
1 0.000135
1 0.000077
1 -0.000082
1 0.000040
1 0.000163
1 0.000024
1 0.000021
1 0.000075
1 0.000152
1 0.000227
1 0.000027
1 0.000053
1 0.000089
1 -0.000101
1 0.000012
1 0.000176
1 0.000056
1 0.000021
1 0.000190
1 0.000021
1 0.000003
1 0.001138
1 0.000052
1 0.000033
1 0.000153
1 0.000037
1 -0.000242
1 -0.000201
1 -0.000053
1 -0.000036
1 -0.000030
1 0.001038
1 0.000113
1 -0.000144
1 -0.000014
1 -0.000052
1 0.000013
1 0.000071
1 -0.000023
1 0.000052
1 0.000043
1 0.000103
1 0.000079
1 0.000164
1 0.000098
1 0.000324
1 0.000015
1 0.000068
1 0.000009
1 0.000051
1 -0.000012
1 -0.000033
1 -0.000002
1 0.000684
1 0.000174
1 0.000220
1 0.000221
1 0.000180
1 0.000016
1 0.000347
1 0.000219
1 0.000002
1 0.000022
1 -0.000118
1 0.000584
1 0.000250
1 0.000123
1 0.000042
1 -0.000110
1 0.000044
1 0.000000
1 -0.000003
1 0.000183
1 0.000180
1 -0.000028
1 0.000044
1 -0.000009
1 -0.000004
1 0.000046
1 0.000138
1 -0.000054
1 0.000353
1 0.000173
1 0.000047
1 -0.000038
1 0.000022
1 0.000057
1 0.000301
1 0.000012
1 -0.000001
1 0.000007
1 0.000062
1 -0.000253
1 0.000078
1 0.000059
1 0.000008
1 0.000180
1 -0.000078
1 -0.000031
1 0.000015
1 0.000148
1 -0.000001
1 0.000638
1 -0.000095
1 0.000032
1 0.000000
1 0.000148
1 -0.000178
1 0.000011
1 0.000721
1 -0.000014
1 -0.000044
1 0.000374
1 0.000188
1 0.000065
1 0.000002
1 -0.000068
1 0.000151
1 -0.000015
1 -0.000240
1 -0.000027
1 0.000153
1 0.000177
1 0.000031
1 0.000102
1 0.000022
1 0.000062
1 -0.000038
1 -0.000077
1 0.000157
1 -0.000000
1 0.000045
1 -0.000020
1 0.000014
1 0.000008
1 0.000029
1 0.000003
1 0.000030
1 0.000096
1 -0.000168
1 0.000181
1 -0.000004
1 0.000170
1 0.000013
1 -0.000041
1 -0.000005
1 -0.000010
1 -0.000033
1 -0.000068
1 0.000472
1 0.000129
1 -0.000077
1 -0.000019
1 -0.000255
1 -0.000012
1 0.000222
1 0.000028
1 0.000112
1 -0.000003
1 -0.000111
1 -0.000025
1 0.000069
1 0.000018
1 0.000013
1 0.000076
1 0.000095
1 0.000021
1 0.000016
1 0.000046
1 0.000022
1 0.000281
1 0.000283
1 -0.000044
1 0.000040
1 0.000056
1 0.000148
1 0.000392
1 -0.000440
1 -0.000027
1 0.000084
1 0.000018
1 0.000035
1 0.000232
1 -0.000018
1 -0.000067
1 0.000050
1 0.000154
1 0.000043
1 -0.000153
1 0.000032
1 -0.000026
1 0.000583
1 -0.000363
1 -0.000076
1 0.000104
1 0.000008
1 -0.000034
1 0.000060
1 0.000030
1 -0.000135
1 0.000126
1 -0.000001
1 0.000006
1 0.000023
1 -0.000174
1 0.000006
1 0.000652
1 0.000021
1 0.000236
1 0.000851
1 -0.000020
1 -0.000134
1 0.000009
1 0.000140
1 -0.000019
1 -0.000005
1 0.000268
1 -0.000005
1 0.000337
1 0.000120
1 0.000563
1 0.000161
1 -0.000004
1 0.000154
1 0.000064
1 -0.000027
1 0.000031
1 0.000052
1 0.000097
1 0.000290
1 -0.000006
1 0.000014
1 0.000126
1 0.000136
1 -0.000173
1 0.000001
1 0.000126
1 0.000068
1 0.000092
1 0.000101
1 -0.000000
1 0.000007
1 0.000050
1 -0.000042
1 0.000138
1 0.000010
1 0.000019
1 0.000050
1 -0.000039
1 0.000330
1 0.000035
1 0.000004
1 0.000094
1 0.000025
1 -0.000138
1 -0.000005
1 0.000084
1 -0.000045
1 0.000192
1 0.000470
1 0.000073
1 0.000535
1 -0.000097
1 0.000025
1 -0.000050
1 0.000465
1 0.000071
1 -0.000002
1 0.000050
1 0.000117
1 0.000008
1 -0.000011
1 -0.000026
1 0.000031
1 -0.000006
1 0.000121
1 0.000080
1 -0.000009
1 -0.000033
1 0.000138
1 0.000007
1 0.000208
1 0.000069
1 0.000029
1 0.000061
1 0.000045
1 0.000004
1 0.000000
1 0.000099
1 0.000005
1 0.000247
1 0.000408
1 0.000052
1 -0.000012
1 0.000059
1 -0.000281
1 0.000120
1 -0.000036
1 -0.000144
1 0.000099
1 0.000021
1 0.000247
1 0.000012
1 -0.000077
1 0.000022
1 0.000034
1 0.000189
1 -0.000128
1 0.000323
1 -0.000015
1 0.000022
1 0.000230
1 0.000030
1 0.000024
1 0.000044
1 -0.000042
1 0.000018
1 0.000042
1 0.000074
1 0.000020
1 -0.000020
1 0.000250
1 0.000032
1 -0.000199
1 -0.000001
1 0.000346
1 0.000002
1 0.000081
1 0.000011
1 0.000101
1 0.000060
1 -0.000027
1 0.000012
1 0.000364
1 -0.000033
1 0.000078
1 0.000005
1 0.000054
1 0.000002
1 0.000143
1 0.000013
1 -0.000108
1 -0.000132
1 -0.000045
1 0.001234
1 0.000026
1 0.000051
1 0.000209
1 0.000050
1 0.000055
1 0.000056
1 -0.000043
1 0.000028
1 0.000029
1 0.000189
1 -0.000036
1 0.000068
1 0.000223
1 0.000071
1 0.000028
1 0.000179
1 -0.000009
1 -0.000068
1 -0.000011
1 -0.000013
1 0.000028
1 -0.000043
1 0.000194
1 -0.000022
1 0.000010
1 0.000070
1 0.000087
1 0.000050
1 0.000088
1 -0.000224
1 0.000002
1 -0.000001
1 0.000008
1 0.000046
1 0.000038
1 0.000005
1 -0.000004
1 0.000080
1 0.000096
1 0.000485
1 -0.000001
1 0.000083
1 0.000293
1 0.000017
1 0.000189
1 0.000024
1 0.000093
1 -0.000036
1 0.000028
1 0.000143
1 0.000087
1 0.000152
1 0.000121
1 0.000404
1 0.000010
1 0.000050
1 -0.000077
1 -0.000003
1 0.000032
1 0.000137
1 0.000524
1 0.000234
1 0.000035
1 0.000020
1 0.000173
1 0.000060
1 0.000037
1 -0.000137
1 0.000034
1 0.000461
1 -0.000026
1 0.000051
1 0.000016
1 0.000023
1 0.000048
1 0.000047
1 0.000149
1 0.000016
1 0.000099
1 0.000246
1 0.000019
1 0.000155
1 0.000003
1 0.000049
1 0.000027
1 0.000030
1 0.000009
1 -0.000064
1 0.000039
1 0.000110
1 0.000019
1 0.000017
1 0.000075
1 0.000093
1 0.000191
1 0.000110
1 0.000199
1 0.000118
1 0.000091
1 0.000331
1 0.000034
1 0.000077
1 0.000060
1 -0.000131
1 0.000090
1 0.000015
1 0.000485
1 -0.000069
1 0.000033
1 0.000471
1 -0.000035
1 0.000005
1 0.000051
1 0.000059
1 -0.000035
1 -0.000284
1 0.000007
1 0.000041
1 0.000042
1 0.000018
1 -0.000165
1 -0.000055
1 -0.000006
1 0.000188
1 0.000047
1 0.000043
1 0.000075
1 0.000062
1 0.000048
1 0.000248
1 0.000261
1 0.000202
1 0.000333
1 0.000003
1 0.000064
1 0.000051
1 -0.000049
1 0.000048
1 0.000013
1 0.000227
1 0.000059
1 0.000046
1 -0.000053
1 0.000111
1 0.000024
1 -0.000071
1 -0.000004
1 0.000054
1 0.000002
1 -0.000006
1 -0.000014
1 0.000292
1 0.000146
1 0.000171
1 0.000007
1 -0.000007
1 -0.000002
1 0.000064
1 -0.000076
1 -0.000008
1 0.000070
1 -0.000005
1 0.001168
1 0.000354
1 0.000090
1 0.000106
1 0.000035
1 0.000156
1 0.000080
1 0.000010
1 0.000302
1 -0.000016
1 0.000041
1 0.000119
1 -0.000013
1 0.000024
1 0.000298
1 -0.000173
1 0.000039
1 -0.000134
1 -0.000056
1 0.000087
1 0.000020
1 0.000160
1 0.000102
1 0.000065
1 0.000278
1 -0.000031
1 0.000013
1 -0.000069
1 0.000114
1 0.000133
1 0.000093
1 0.000009
1 -0.000123
1 0.000077
1 -0.000071
1 0.000203
1 0.000155
1 0.000128
1 0.000105
1 -0.000232
1 0.000122
1 0.000098
1 0.000061
1 -0.000033
1 -0.000021
1 0.000023
1 0.000042
1 0.000139
1 0.000024
1 -0.000162
1 0.000038
1 0.000114
1 0.000075
1 -0.000006
1 0.000004
1 -0.000037
1 0.000740
1 0.000033
1 0.000007
1 0.000374
1 0.000037
1 0.000060
1 -0.000107
1 0.000162
1 -0.000054
1 0.000865
1 -0.000022
1 0.000028
1 0.000170
1 -0.000085
1 -0.000131
1 0.000060
1 0.000013
1 0.000126
1 0.000397
1 0.000053
1 -0.000062
1 0.000001
1 -0.000194
1 -0.000008
1 0.000105
1 0.000193
1 -0.000003
1 -0.000008
1 0.000023
1 -0.000247
1 0.000039
1 0.000017
1 0.000049
1 0.000231
1 0.000190
1 0.000041
1 -0.000092
1 0.000197
1 -0.000002
1 -0.000119
1 0.000011
1 0.000761
1 -0.000038
1 0.000034
1 0.000062
1 0.000001
1 -0.000004
1 0.000064
1 -0.000181
1 0.000004
1 0.000355
1 0.000017
1 -0.000024
1 -0.000044
1 0.000031
1 0.000028
1 0.000010
1 0.000152
1 0.000278
1 0.000001
1 0.000041
1 -0.000155
1 0.000250
1 0.000109
1 0.000069
1 0.000033
1 0.000398
1 0.000090
1 0.000054
1 0.000009
1 -0.000003
1 0.000006
1 0.000014
1 0.000019
1 -0.000006
1 0.000084
1 0.000031
1 0.000505
1 0.000639
1 0.000042
1 0.000527
1 0.000188
1 0.000008
1 -0.000093
1 0.000014
1 0.000017
1 0.000052
1 0.000014
1 0.000190
1 0.000038
1 0.000026
1 0.000078
1 0.000069
1 0.000005
1 0.000042
1 -0.000306
1 0.000121
1 -0.000000
1 0.000006
1 0.000027
1 -0.000051
1 -0.000128
1 0.000076
1 -0.000266
1 0.000608
1 0.000170
1 0.000092
1 0.000273
1 -0.000187
1 0.000078
1 -0.000017
1 0.000089
1 0.000035
1 0.000004
1 0.000018
1 0.000079
1 0.000001
1 -0.000005
1 0.000035
1 0.000063
1 0.000100
1 -0.000035
1 0.000027
1 0.000029
1 0.000026
1 -0.000003
1 -0.000022
1 -0.000206
1 0.000032
1 0.000020
1 0.000011
1 0.000120
1 0.000016
1 0.000072
1 -0.000033
1 0.000232
1 -0.000060
1 0.000460
1 0.000150
1 0.000070
1 0.000131
1 0.000115
1 -0.000009
1 0.000016
1 0.000114
1 -0.000114
1 0.000127
1 -0.000016
1 0.000805
1 -0.000011
1 -0.000176
1 0.000084
1 0.000299
1 0.000160
1 0.000040
1 0.000314
1 0.000010
1 0.000028
1 0.000043
1 0.000163
1 0.000040
1 0.000013
1 0.000385
1 -0.000086
1 0.000042
1 -0.000003
1 -0.000032
1 -0.000173
1 0.000053
1 -0.000014
1 0.000108
1 0.000018
1 0.000006
1 0.000097
1 -0.000224
1 0.000136
1 0.000091
1 -0.000150
1 -0.000078
1 0.000009
1 0.000085
1 -0.000009
1 -0.000036
1 0.000063
1 0.000073
1 0.000384
1 -0.000003
1 0.000080
1 0.000049
1 0.000023
1 -0.000115
1 0.000135
1 -0.000007
1 0.000031
1 -0.000004
1 0.000048
1 0.000304
1 0.000312
1 0.001918
1 0.000434
1 0.000024
1 0.000100
1 0.000505
1 0.000969
1 -0.000003
1 0.000075
1 -0.000008
1 0.000018
1 0.000039
1 0.000000
1 0.000112
1 -0.000058
1 -0.000000
1 0.000002
1 0.000199
1 -0.000034
1 0.000054
1 -0.000024
1 0.000179
1 0.000481
1 0.000046
1 -0.000108
1 0.000016
1 -0.000372
1 -0.000002
1 -0.000090
1 -0.000013
1 -0.000020
1 0.000243
1 -0.000010
1 0.000016
1 0.000029
1 0.000186
1 0.000198
1 -0.000032
1 0.000004
1 -0.000012
1 -0.000003
1 0.000043
1 -0.000052
1 0.000087
1 0.000428
1 0.000249
1 -0.000035
1 -0.000070
1 -0.000254
1 0.000059
1 -0.000526
1 -0.000026
1 -0.000008
1 -0.000271
1 0.000175
1 0.000042
1 -0.000021
1 -0.000025
1 0.000024
1 0.000040
1 0.000054
1 0.000080
1 0.000194
1 0.000066
1 0.000098
1 0.000014
1 -0.000028
1 0.000308
1 -0.000270
1 0.000018
1 0.000040
1 0.000008
1 -0.000025
1 -0.000009
1 0.000036
1 0.000140
1 -0.000041
1 0.000269
1 0.000062
1 -0.000085
1 0.000140
1 0.000097
1 0.000204
1 -0.000003
1 0.000002
1 0.000179
1 0.000016
1 0.000017
1 -0.000010
1 -0.000030
1 -0.000053
1 -0.000024
1 -0.000148
1 -0.000024
1 -0.000075
1 0.000084
1 -0.000112
1 -0.000003
1 0.000202
1 0.000006
1 0.000021
1 0.000005
1 -0.000098
1 0.000009
1 -0.000032
1 0.000038
1 0.000203
1 0.000081
1 0.000060
1 0.000129
1 0.000058
1 0.000284
1 -0.000004
1 0.000146
1 0.000047
1 -0.000053
1 0.000285
1 0.000004
1 -0.000107
1 0.000030
1 -0.000006
1 0.000104
1 0.000004
1 0.000132
1 0.000189
1 0.000001
1 -0.000036
1 0.000052
1 -0.000034
1 0.000039
1 0.000393
1 -0.000018
1 0.000046
1 -0.000009
1 0.000124
1 0.000227
1 0.000046
1 0.000049
1 0.000018
1 0.000027
1 0.000057
1 0.000115
1 0.000006
1 0.000079
1 0.000048
1 0.000005
1 0.000012
1 0.000007
1 0.000325
1 0.000019
1 0.000011
1 0.000137
1 0.000184
1 -0.000020
1 0.000037
1 -0.000213
1 0.000009
1 -0.000086
1 0.000036
1 0.000180
1 -0.000034
1 0.000017
1 0.000036
1 0.000041
1 -0.000009
1 0.000162
1 0.000260
1 0.000049
1 -0.000049
1 -0.000049
1 -0.000006
1 0.000057
1 0.000070
1 0.000204
1 0.000039
1 0.000221
1 -0.000148
1 0.000000
1 -0.000150
1 0.000091
1 0.000000
1 0.000182
1 0.000079
1 0.000021
1 0.000006
1 0.000006
1 0.000243
1 0.000293
1 0.000112
1 0.000097
1 0.000008
1 -0.000029
1 0.000004
1 0.000002
1 0.000013
1 0.000019
1 -0.000078
1 0.000046
1 0.000049
1 -0.000019
1 0.000079
1 0.000023
1 -0.000173
1 0.000318
1 0.000112
1 0.000111
1 0.000000
1 0.000058
1 0.000519
1 -0.000039
1 0.000234
1 -0.000016
1 0.000009
1 -0.000035
1 0.000103
1 -0.000024
1 0.000009
1 0.000135
1 -0.000095
1 0.000371
1 0.000181
1 0.000469
1 0.000016
1 0.000073
1 -0.000146
1 0.000014
1 0.000015
1 0.000060
1 0.000011
1 0.000027
1 0.000072
1 0.000518
1 0.000219
1 -0.000003
1 0.000168
1 0.000010
1 0.000511
1 0.000126
1 -0.000022
1 0.000207
1 -0.000275
1 -0.000030
1 0.000064
1 0.000012
1 -0.000078
1 -0.000045
1 -0.000098
1 0.000092
1 0.000043
1 0.000005
1 0.000014
1 0.000047
1 0.000032
1 0.000067
1 -0.000113
1 -0.000217
1 0.000002
1 0.000130
1 0.000253
1 0.000037
1 0.000095
1 0.000335
1 -0.000001
1 -0.000047
1 0.000123
1 -0.000114
1 0.000021
1 0.000117
1 -0.000046
1 -0.000315
1 0.000159
1 -0.000011
1 0.000116
1 -0.000036
1 -0.000063
1 -0.000061
1 0.000026
1 0.000086
1 0.000020
1 0.000157
1 -0.000015
1 -0.000006
1 0.000106
1 -0.000061
1 -0.000001
1 0.000410
1 0.000002
1 0.000453
1 0.000019
1 -0.000052
1 0.000027
1 -0.000048
1 0.000049
1 0.000035
1 0.000015
1 0.000047
1 -0.000020
1 0.000037
1 0.000203
1 -0.000052
1 -0.000145
1 0.000121
1 0.000084
1 0.000092
1 0.000312
1 -0.000065
1 0.000082
1 0.000038
1 0.000010
1 -0.000017
1 0.000048
1 0.000042
1 -0.000066
1 -0.000152
1 0.000298
1 -0.000101
1 -0.000002
1 0.000149
1 0.000091
1 0.000109
1 0.000524
1 0.000205
1 0.000372
1 0.000155
1 0.000198
1 0.000006
1 0.000072
1 0.000098
1 0.000106
1 0.000011
1 0.000005
1 0.000125
1 -0.000058
1 -0.000174
1 -0.000044
1 0.000045
1 -0.000155
1 0.000073
1 0.000031
1 0.000062
1 -0.000007
1 0.000095
1 -0.000436
1 -0.000016
1 0.000133
1 0.000078
1 0.000016
1 -0.000032
1 0.000208
1 0.000000
1 0.000012
1 -0.000258
1 0.000523
1 0.000028
1 0.000108
1 0.000089
1 -0.000309
1 0.000020
1 0.000046
1 0.000001
1 -0.000014
1 -0.000019
1 -0.000059
1 0.000336
1 0.000051
1 0.000307
1 -0.000004
1 -0.000290
1 0.000005
1 0.000121
1 -0.000164
1 0.000107
1 0.000259
1 0.000147
1 -0.000008
1 0.000031
1 -0.000003
1 0.000583
1 -0.000101
1 -0.000020
1 -0.000233
1 0.000003
1 0.000160
1 0.000112
1 0.000013
1 -0.000046
1 -0.000156
1 0.000026
1 0.000042
1 -0.000074
1 -0.000074
1 0.000089
1 0.000038
1 0.000362
1 -0.000082
1 0.000016
1 0.000000
1 0.000288
1 -0.000312
1 0.000184
1 0.000152
1 0.000020
1 0.000000
1 0.000064
1 0.000649
1 -0.000326
1 0.000331
1 0.000095
1 0.000352
1 0.000064
1 0.000260
1 0.000113
1 0.000048
1 0.000082
1 -0.000028
1 -0.000009
1 0.000079
1 0.000367
1 0.000045
1 -0.000195
1 0.000029
1 0.000681
1 0.000099
1 -0.000091
1 0.000000
1 0.000317
1 0.000128
1 -0.000016
1 -0.000031
1 0.000512
1 0.000875
1 0.000165
1 0.000099
1 0.000090
1 0.000014
1 0.000011
1 0.000049
1 0.000005
1 0.000054
1 0.000219
1 0.000115
1 0.000364
1 0.000011
1 -0.000004
1 0.000010
1 0.000473
1 -0.000016
1 0.000005
1 -0.000078
1 0.000279
1 -0.000056
1 0.000233
1 0.000056
1 0.000037
1 0.000061
1 0.000023
1 -0.000086
1 0.000031
1 0.000125
1 0.000261
1 -0.000073
1 0.000019
1 0.000005
1 0.000075
1 -0.000169
1 -0.000047
1 0.000014
1 0.000135
1 0.000067
1 0.000281
1 0.000129
1 0.000006
1 0.000061
1 -0.000026
1 0.000019
1 -0.000005
1 -0.000007
1 0.000094
1 0.000143
1 -0.000008
1 0.000110
1 0.000156
1 0.000023
1 0.000130
1 0.000142
1 -0.000002
1 -0.000057
1 0.000019
1 0.000031
1 -0.000024
1 -0.000035
1 -0.000006
1 0.000096
1 0.000043
1 -0.000040
1 0.001698
1 0.000208
1 0.000048
1 -0.000056
1 0.000054
1 0.000057
1 -0.000002
1 0.000128
1 0.000004
1 0.000014
1 0.000646
1 0.000162
1 0.000039
1 0.000113
1 0.000015
1 0.000004
1 0.000447
1 -0.000125
1 0.000034
1 0.000090
1 -0.000450
1 0.000026
1 -0.000166
1 0.000277
1 -0.000205
1 0.000049
1 -0.000062
1 -0.000001
1 0.000132
1 -0.000000
1 -0.000352
1 0.000022
1 0.000195
1 -0.000001
1 0.000201
1 0.000004
1 -0.000001
1 0.000036
1 -0.000002
1 0.000789
1 0.000014
1 0.000073
1 -0.000003
1 -0.000086
1 -0.000041
1 0.000450
1 0.000099
1 -0.000020
1 0.000243
1 -0.000104
1 0.000211
1 0.000122
1 -0.000016
1 -0.000134
1 -0.000141
1 0.000025
1 -0.000080
1 0.001914
1 0.000009
1 -0.000015
1 0.000326
1 0.000018
1 0.000056
1 0.000092
1 -0.000003
1 -0.000005
1 0.000435
1 0.000127
1 0.000083
1 0.000212
1 0.000030
1 0.000268
1 -0.000000
1 -0.000038
1 0.000073
1 0.000153
1 0.000002
1 0.000090
1 0.000663
1 0.000038
1 0.000071
1 0.000017
1 0.000387
1 0.000022
1 -0.000099
1 0.000428
1 0.000070
1 -0.000010
1 0.000213
1 0.000113
1 0.000016
1 0.000064
1 0.000025
1 -0.000000
1 -0.000373
1 -0.000207
1 0.001519
1 0.000051
1 0.000302
1 0.000107
1 0.000110
1 0.000072
1 0.000017
1 0.000048
1 -0.000073
1 -0.000013
1 -0.000047
1 0.000010
1 0.000109
1 -0.000074
1 0.000046
1 -0.000115
1 0.000079
1 -0.000023
1 0.000083
1 0.000266
1 -0.000030
1 -0.000036
1 -0.000027
1 0.000195
1 0.000013
1 -0.000069
1 0.000273
1 0.000890
1 -0.000027
1 0.000087
1 -0.000223
1 0.000070
1 0.000010
1 -0.000028
1 0.000435
1 0.000041
1 0.000022
1 0.000008
1 0.000224
1 0.000065
1 -0.000019
1 0.000568
1 0.000004
1 -0.000129
1 0.000490
1 -0.000191
1 -0.000015
1 0.000010
1 0.000016
1 0.000023
1 0.000051
1 0.000004
1 0.000577
1 0.000078
1 -0.000125
1 -0.000006
1 -0.000083
1 0.000226
1 0.000043
1 0.000123
1 0.000115
1 0.000037
1 -0.000004
1 0.000099
1 0.000314
1 0.000048
1 0.000434
1 -0.000060
1 -0.000014
1 0.000417
1 -0.000005
1 0.000522
1 0.000029
1 -0.000061
1 0.000042
1 -0.000070
1 0.000051
1 0.000215
1 0.000015
1 0.000086
1 0.000136
1 0.000107
1 0.001387
1 0.000020
1 0.000004
1 0.000109
1 0.000017
1 0.000265
1 -0.000339
1 0.000072
1 0.000013
1 0.000036
1 -0.000060
1 0.000067
1 -0.000143
1 0.000263
1 0.000007
1 -0.000031
1 0.000235
1 0.000068
1 -0.000023
1 0.000039
1 0.000232
1 0.000050
1 -0.000055
1 0.000118
1 0.000085
1 0.000040
1 0.000039
1 0.000169
1 0.000224
1 -0.000033
1 0.000166
1 0.000007
1 0.000179
1 0.000055
1 0.000019
1 0.000000
1 0.000094
1 0.000018
1 0.000051
1 -0.000000
1 0.000049
1 0.000086
1 0.000554
1 0.000293
1 -0.000018
1 0.000029
1 0.000298
1 -0.000041
1 0.000257
1 0.000046
1 0.000009
1 0.000147
1 -0.000231
1 0.000016
1 0.000010
1 -0.000142
1 -0.000093
1 -0.000079
1 -0.000009
1 -0.000089
1 0.000067
1 0.000182
1 -0.000067
1 0.000025
1 0.000943
1 -0.000455
1 -0.000149
1 0.000102
1 -0.000173
1 -0.000257
1 0.000117
1 0.000142
1 -0.000000
1 0.000067
1 0.000096
1 0.000119
1 0.000129
1 0.000049
1 0.000016
1 -0.000003
1 -0.000230
1 0.000045
1 0.000297
1 0.000500
1 0.000037
1 -0.000008
1 0.000121
1 0.000146
1 0.000037
1 -0.000040
1 0.000097
1 0.000029
1 -0.000016
1 0.000019
1 0.000114
1 0.000074
1 0.000070
1 0.000378
1 -0.000017
1 0.000082
1 -0.000024
1 0.000056
1 -0.000017
1 0.000530
1 0.000482
1 0.000003
1 0.000088
1 0.000050
1 -0.000010
1 0.000028
1 0.000028
1 -0.000102
1 0.000080
1 0.000025
1 0.000213
1 0.000072
1 0.000017
1 -0.000145
1 0.000100
1 0.000032
1 -0.000045
1 0.000008
1 -0.000173
1 -0.000030
1 -0.000020
1 0.000180
1 0.000027
1 0.000064
1 -0.000089
1 0.000144
1 -0.000051
1 -0.000002
1 0.000088
1 0.000021
1 -0.000039
1 -0.000010
1 -0.000039
1 0.000230
1 0.000179
1 -0.000150
1 -0.000205
1 -0.000031
1 0.000080
1 -0.000011
1 -0.000131
1 -0.000089
1 0.000114
1 -0.000017
1 -0.000179
1 0.000048
1 0.000040
1 -0.000016
1 -0.000089
1 0.000026
1 -0.000291
1 0.000106
1 0.000044
1 -0.000192
1 0.000160
1 0.000064
1 -0.000014
1 -0.000188
1 -0.000004
1 0.000565
1 -0.000218
1 0.000058
1 0.000167
1 0.000014
1 0.000230
1 0.000019
1 0.000045
1 -0.000014
1 0.000118
1 0.000015
1 0.000171
1 -0.000085
1 0.000005
1 0.000050
1 0.000903
1 0.000068
1 -0.000104
1 0.000278
1 0.000042
1 -0.000129
1 0.000087
1 -0.000020
1 0.000027
1 0.000028
1 0.000060
1 0.000029
1 -0.000050
1 -0.000073
1 0.000044
1 0.000194
1 0.000051
1 0.000154
1 0.000233
1 0.000224
1 -0.000012
1 -0.000033
1 0.000027
1 0.000071
1 0.000087
1 0.000028
1 -0.000055
1 0.000006
1 0.000566
1 -0.000308
1 0.000023
1 0.000019
1 0.000105
1 0.000018
1 -0.000196
1 0.000138
1 0.000027
1 -0.000029
1 0.000033
1 -0.000010
1 0.000002
1 0.000062
1 0.000196
1 0.000180
1 0.000039
1 0.000112
1 0.000056
1 0.000065
1 0.000114
1 -0.000051
1 0.000006
1 0.000026
1 0.000145
1 -0.000045
1 -0.000092
1 0.000085
1 0.000048
1 -0.000060
1 0.000009
1 0.000091
1 -0.000029
1 0.001125
1 -0.000028
1 0.000011
1 -0.000018
1 0.000054
1 0.000072
1 0.000096
1 -0.000158
1 0.000175
1 0.000404
1 0.000042
1 -0.000003
1 0.000060
1 -0.000022
1 -0.000082
1 -0.000081
1 -0.000030
1 0.000001
1 0.000099
1 -0.000017
1 -0.000252
1 -0.000009
1 0.000080
1 -0.000011
1 0.000148
1 -0.000148
1 0.000007
1 0.000002
1 -0.000026
1 0.000272
1 0.000238
1 -0.000023
1 0.000286
1 -0.000261
1 0.000014
1 -0.000082
1 0.000075
1 0.000036
1 0.000225
1 0.000283
1 0.000036
1 -0.000008
1 0.000008
1 0.000085
1 -0.000013
1 0.000000
1 -0.000001
1 0.000009
1 -0.000020
1 0.000054
1 0.000122
1 0.000036
1 -0.000002
1 0.000021
1 0.000081
1 -0.000025
1 0.000009
1 -0.000076
1 0.000085
1 0.000022
1 -0.000279
1 0.000212
1 0.000020
1 0.000088
1 0.000030
1 -0.000026
1 0.000109
1 -0.000013
1 0.000010
1 0.000222
1 0.000090
1 0.000119
1 0.000031
1 -0.000041
1 0.000118
1 0.000061
1 -0.000066
1 0.000066
1 -0.000009
1 0.000157
1 -0.000054
1 -0.000141
1 0.000032
1 0.000035
1 -0.000332
1 0.000622
1 0.000199
1 0.000014
1 0.000084
1 0.000171
1 0.000042
1 -0.000098
1 0.000091
1 -0.000052
1 0.000033
1 0.000178
1 -0.000065
1 -0.000018
1 -0.000002
1 0.000028
1 -0.000072
1 0.000010
1 0.000222
1 0.000000
1 0.000002
1 0.000015
1 -0.000076
1 0.000195
1 0.000002
1 0.000044
1 0.000053
1 0.000058
1 0.000023
1 0.000020
1 0.000027
1 0.000099
1 0.000071
1 0.000040
1 0.000308
1 0.000119
1 -0.000042
1 -0.000049
1 0.000331
1 -0.000020
1 0.000023
1 0.000072
1 0.000054
1 0.000026
1 0.000113
1 0.000147
1 0.000089
1 0.000446
1 0.000282
1 0.000945
1 -0.000086
1 -0.000018
1 0.000070
1 0.000436
1 -0.000145
1 0.000023
1 -0.000002
1 -0.000009
1 -0.000008
1 0.000268
1 0.000040
1 0.000036
1 0.000067
1 0.000100
1 -0.000075
1 0.000016
1 0.000023
1 0.000012
1 0.000032
1 0.000011
1 0.000066
1 0.000013
1 -0.000005
1 0.000040
1 0.000031
1 0.000014
1 -0.000066
1 0.000122
1 0.000066
1 0.000045
1 -0.000152
1 0.000004
1 0.000061
1 0.000097
1 0.000151
1 0.000253
1 0.000043
1 -0.000095
1 0.000084
1 0.000143
1 -0.000102
1 -0.000105
1 0.000000
1 0.000323
1 0.000141
1 0.000026
1 0.000002
1 -0.000003
1 -0.000012
1 0.000630
1 0.000078
1 0.000056
1 0.000601
1 0.000373
1 -0.000107
1 -0.000226
1 0.000068
1 0.000024
1 0.000000
1 -0.000094
1 0.000155
1 0.001470
1 0.000037
1 0.000043
1 -0.000011
1 0.000238
1 0.001027
1 0.000045
1 0.000076
1 -0.000192
1 0.000134
1 0.000228
1 -0.000009
1 0.000310
1 0.000071
1 0.000045
1 -0.000167
1 -0.000132
1 -0.000009
1 -0.000153
1 -0.000283
1 -0.000039
1 -0.000108
1 0.000030
1 0.000065
1 0.000027
1 0.000420
1 0.000020
1 0.000015
1 -0.000076
1 0.000019
1 0.000288
1 0.000000
1 0.000143
1 0.000089
1 -0.000001
1 0.000002
1 0.000040
1 0.000097
1 0.000044
1 0.000054
1 0.000099
1 0.000280
1 0.000249
1 0.000006
1 -0.000030
1 -0.000007
1 0.000036
1 0.000158
1 -0.000005
1 -0.000002
1 -0.000014
1 -0.000016
1 0.000655
1 0.000095
1 0.000014
1 0.000029
1 0.000183
1 0.000010
1 -0.000172
1 0.000304
1 -0.000135
1 0.000013
1 -0.000081
1 -0.000079
1 0.000140
1 0.000002
1 -0.000001
1 0.000465
1 0.000027
1 0.000055
1 -0.000061
1 -0.000419
1 -0.000080
1 0.000049
1 -0.000008
1 0.000015
1 -0.000320
1 -0.000116
1 0.000046
1 0.000264
1 -0.000187
1 -0.000001
1 0.000089
1 -0.000056
1 0.000168
1 0.000259
1 0.000032
1 -0.000014
1 0.000157
1 -0.000101
1 0.000064
1 0.000400
1 0.000010
1 0.000016
1 0.000018
1 0.000039
1 0.000016
1 0.000008
1 0.000058
1 0.000115
1 0.000258
1 0.000068
1 0.000006
1 -0.000077
1 0.000114
1 0.000346
1 -0.000008
1 0.000234
1 0.000020
1 0.000007
1 -0.000009
1 0.000035
1 -0.000056
1 0.000103
1 -0.000018
1 0.000008
1 0.000000
1 -0.000014
1 0.000003
1 -0.000012
1 0.000148
1 0.000011
1 0.000189
1 0.000080
1 0.000317
1 0.000158
1 0.000234
1 0.000039
1 0.000130
1 -0.000153
1 0.000161
1 0.000071
1 -0.000003
1 0.000078
1 0.000058
1 0.000064
1 -0.000064
1 0.000079
1 0.000184
1 0.000202
1 -0.000102
1 -0.000035
1 0.000010
1 0.000006
1 0.000006
1 -0.000564
1 0.000202
1 0.000027
1 0.000571
1 0.000297
1 -0.000034
1 0.000029
1 0.000662
1 0.000235
1 0.000052
1 0.000005
1 0.000008
1 -0.000091
1 0.000029
1 0.000066
1 0.000160
1 0.000209
1 -0.000098
1 -0.000021
1 -0.000193
1 0.000030
1 0.000082
1 0.000039
1 -0.000246
1 -0.000005
1 0.000221
1 0.000029
1 0.000553
1 0.000038
1 0.000136
1 0.000031
1 -0.000175
1 -0.000001
1 -0.000040
1 0.000054
1 0.000211
1 0.000094
1 0.000540
1 0.000083
1 0.000347
1 -0.000000
1 0.000021
1 -0.000073
1 0.000001
1 0.000121
1 0.000013
1 -0.000045
1 0.000053
1 -0.000029
1 -0.000011
1 0.000114
1 -0.000007
1 -0.000169
1 0.000164
1 -0.000025
1 0.000016
1 0.000482
1 0.000142
1 0.000176
1 -0.000258
1 0.000013
1 0.000063
1 -0.000134
1 0.000007
1 0.000005
1 0.000020
1 -0.000083
1 0.000101
1 0.000037
1 0.000157
1 0.000041
1 -0.000010
1 -0.000070
1 0.000053
1 0.000020
1 0.000074
1 0.000187
1 -0.000020
1 -0.000104
1 0.000051
1 -0.000019
1 0.000055
1 -0.000074
1 -0.000016
1 0.000511
1 -0.000020
1 0.000092
1 -0.000003
1 0.000146
1 0.000164
1 -0.000036
1 -0.000096
1 0.000150
1 -0.000089
1 0.000044
1 0.000021
1 0.000121
1 -0.000099
1 0.000160
1 0.000047
1 0.000004
1 0.000146
1 0.000029
1 0.000406
1 -0.000001
1 0.000022
1 0.000074
1 0.000147
1 0.000035
1 0.000120
1 0.000005
1 -0.000028
1 -0.000037
1 0.000290
1 0.000193
1 0.000221
1 -0.000094
1 0.000106
1 0.000111
1 0.000020
1 -0.000130
1 0.000932
1 0.000079
1 0.000031
1 0.000093
1 0.000086
1 0.000015
1 0.000046
1 -0.000031
1 0.000043
1 -0.000028
1 0.000032
1 0.000324
1 -0.000054
1 0.000064
1 0.000233
1 0.000130
1 0.000010
1 0.000268
1 0.001188
1 0.000088
1 0.000391
1 0.000137
1 0.000090
1 0.000041
1 0.000002
1 0.000097
1 0.000644
1 -0.000022
1 0.000010
1 0.000128
1 0.000117
1 -0.000099
1 -0.000018
1 0.000016
1 -0.000002
1 -0.000058
1 0.000220
1 -0.000079
1 0.000005
1 0.000052
1 -0.000113
1 -0.000032
1 0.000028
1 0.000000
1 -0.000031
1 -0.000017
1 0.000035
1 0.000038
1 -0.000022
1 -0.000087
1 0.000114
1 0.000044
1 0.000061
1 0.000066
1 0.000068
1 0.000096
1 0.000813
1 0.000083
1 0.000010
1 0.000126
1 0.000259
1 -0.000021
1 0.000027
1 0.000089
1 0.000000
1 0.000026
1 0.000202
1 -0.000052
1 0.000180
1 0.000085
1 -0.000172
1 0.000001
1 0.000159
1 -0.000018
1 0.000052
1 0.000057
1 0.000114
1 -0.000198
1 0.000007
1 -0.000012
1 -0.000007
1 -0.000112
1 0.000000
1 -0.000112
1 0.000211
1 -0.000060
1 -0.000041
1 0.000000
1 0.000359
1 0.000109
1 -0.000047
1 0.000055
1 -0.000024
1 -0.000020
1 -0.000035
1 -0.000105
1 -0.000105
1 0.000073
1 0.000134
1 -0.000069
1 0.000017
1 0.000059
1 0.000008
1 0.000058
1 0.000021
1 0.000149
1 -0.000020
1 0.000020
1 0.000206
1 0.000013
1 0.000170
1 0.000015
1 0.000267
1 -0.000000
1 0.000126
1 0.000009
1 0.000039
1 0.000031
1 0.000349
1 -0.000021
1 0.000146
1 -0.000002
1 0.000153
1 0.000501
1 0.000077
1 -0.000072
1 0.000096
1 0.000050
1 0.000061
1 0.000101
1 0.000012
1 0.000000
1 -0.000185
1 0.000052
1 -0.000032
1 0.000003
1 0.000107
1 -0.000028
1 0.000039
1 0.000382
1 0.000017
1 -0.000006
1 0.000044
1 -0.000002
1 -0.000016
1 0.000025
1 0.000020
1 -0.000104
1 0.000269
1 -0.000387
1 0.000000
1 0.000032
1 0.000032
1 0.000074
1 0.000149
1 0.000070
1 0.000019
1 0.000102
1 -0.000001
1 0.001357
1 0.000037
1 0.000031
1 0.000077
1 0.000016
1 0.000088
1 -0.000000
1 0.000001
1 -0.000187
1 0.000031
1 0.000093
1 -0.000000
1 -0.000032
1 0.000023
1 0.000168
1 0.000121
1 0.000039
1 0.000111
1 0.000076
1 0.000047
1 0.000081
1 0.000149
1 -0.000147
1 0.000059
1 0.000059
1 0.000013
1 -0.000054
1 0.000029
1 -0.000002
1 0.000002
1 0.000030
1 0.000072
1 0.000034
1 0.000010
1 0.000162
1 0.000026
1 0.000138
1 -0.000044
1 -0.000039
1 0.000374
1 0.000020
1 0.000272
1 0.000141
1 0.000031
1 0.000009
1 0.000088
1 0.000232
1 0.000034
1 0.000017
1 0.000043
1 0.000063
1 0.000064
1 -0.000062
1 -0.000024
1 -0.000257
1 -0.000046
1 -0.000009
1 0.000150
1 -0.000012
1 0.000245
1 0.000795
1 0.000478
1 -0.000007
1 0.000059
1 0.000029
1 0.000055
1 0.000114
1 -0.000014
1 0.000047
1 -0.000339
1 0.000076
1 0.000110
1 0.000015
1 0.000079
1 0.000029
1 0.000008
1 0.000003
1 0.000066
1 -0.000027
1 0.000043
1 0.000049
1 0.000024
1 -0.000022
1 0.000034
1 0.000217
1 0.000236
1 0.000070
1 0.000174
1 0.000091
1 0.000207
1 0.000478
1 0.000023
1 0.000020
1 0.000083
1 0.000047
1 -0.000101
1 0.000819
1 0.000007
1 -0.000003
1 -0.000016
1 -0.000102
1 0.000053
1 -0.000017
1 -0.000042
1 0.000056
1 0.000021
1 0.000052
1 0.000001
1 0.000013
1 0.000093
1 -0.000065
1 0.000250
1 0.000141
1 -0.000033
1 0.000045
1 -0.000191
1 0.000185
1 0.000075
1 0.000053
1 -0.000006
1 -0.000109
1 0.000128
1 -0.000065
1 -0.000029
1 0.000035
1 0.000330
1 0.000023
1 0.000382
1 0.000067
1 -0.000003
1 0.000128
1 0.000072
1 -0.000001
1 -0.000248
1 0.000012
1 0.000062
1 -0.000117
1 0.000430
1 0.000174
1 -0.000032
1 0.000051
1 0.000445
1 -0.000029
1 -0.000051
1 0.000398
1 -0.000237
1 0.000030
1 0.000010
1 0.000009
1 -0.000005
1 0.000016
1 -0.000206
1 0.000036
1 -0.000101
1 -0.000015
1 0.000272
1 0.000015
1 0.000044
1 0.000004
1 0.000025
1 -0.000004
1 0.000032
1 0.000184
1 -0.000091
1 0.000034
1 -0.000033
1 -0.000002
1 -0.000014
1 -0.000009
1 0.000435
1 -0.000013
1 -0.000025
1 -0.000101
1 0.000108
1 0.000108
1 -0.000018
1 -0.000054
1 -0.000032
1 0.000086
1 0.000202
1 0.000042
1 -0.000019
1 0.000153
1 -0.000094
1 0.000000
1 0.000026
1 0.000921
1 -0.000351
1 -0.000054
1 0.000048
1 -0.000130
1 0.000220
1 0.000047
1 0.000010
1 0.000011
1 0.000022
1 -0.000026
1 0.000014
1 0.000074
1 0.000085
1 0.000164
1 0.000357
1 0.000326
1 0.000025
1 0.000029
1 0.000028
1 0.000172
1 0.000181
1 0.000083
1 0.000041
1 0.000023
1 0.000014
1 0.000196
1 0.000027
1 0.000015
1 0.000045
1 0.000018
1 -0.000103
1 -0.000038
1 -0.000029
1 0.000227
1 0.000185
1 -0.000216
1 0.000047
1 0.000061
1 -0.000032
1 -0.000012
1 0.000051
1 0.000044
1 0.000710
1 0.000043
1 -0.000278
1 -0.000007
1 0.000036
1 0.000013
1 0.000023
1 0.000173
1 0.000029
1 -0.000044
1 0.000086
1 0.000010
1 0.000023
1 0.000001
1 0.000017
1 0.000093
1 0.000113
1 -0.000024
1 0.000011
1 0.000064
1 -0.000001
1 0.000814
1 0.000057
1 0.000006
1 0.000047
1 -0.000045
1 0.000291
1 -0.000004
1 0.000025
1 0.000085
1 0.000020
1 -0.000001
1 0.000215
1 0.000018
1 -0.000075
1 0.000063
1 -0.000015
1 0.000016
1 0.000060
1 0.000184
1 0.000048
1 0.000186
1 -0.000015
1 -0.000044
1 0.000004
1 0.000058
1 0.000012
1 0.000054
1 0.000025
1 -0.000076
1 0.000002
1 0.000015
1 0.000088
1 -0.000102
1 -0.000147
1 0.000049
1 0.000004
1 -0.000083
1 0.000093
1 -0.000153
1 0.000425
1 -0.000025
1 -0.000115
1 -0.000170
1 -0.000369
1 -0.000056
1 -0.000061
1 0.000178
1 0.000007
1 -0.000036
1 0.000065
1 -0.000060
1 -0.000031
1 0.000052
1 -0.000009
1 -0.000238
1 0.000042
1 0.000001
1 0.000066
1 0.000003
1 0.000015
1 0.000444
1 -0.000068
1 0.000112
1 0.000455
1 0.000069
1 0.000007
1 -0.000001
1 0.000127
1 0.000017
1 -0.000151
1 -0.000244
1 0.000038
1 0.000014
1 0.000018
1 0.000024
1 0.000019
1 -0.000221
1 0.000002
1 0.000053
1 -0.000020
1 -0.000014
1 0.000031
1 0.000206
1 -0.000082
1 0.000103
1 0.000294
1 -0.000115
1 -0.000003
1 0.000283
1 -0.000213
1 0.000038
1 0.000000
1 -0.000133
1 -0.000039
1 0.000058
1 -0.000088
1 0.000373
1 0.000010
1 0.000036
1 -0.000063
1 0.000010
1 0.000130
1 0.000093
1 0.000250
1 0.000205
1 0.000330
1 0.000227
1 0.000208
1 0.000103
1 0.000043
1 0.000396
1 0.000020
1 -0.000064
1 0.000127
1 0.000039
1 0.000136
1 -0.000014
1 0.000031
1 0.000076
1 -0.000100
1 0.000033
1 0.000128
1 0.000079
1 -0.000060
1 0.000197
1 0.000167
1 -0.000060
1 0.000036
1 0.000034
1 0.000012
1 0.000100
1 0.000095
1 0.000069
1 0.000045
1 0.000822
1 0.000048
1 0.000372
1 -0.000014
1 0.000975
1 0.000022
1 0.000036
1 0.000108
1 0.000072
1 -0.000022
1 0.000038
1 0.000030
1 0.000026
1 0.000039
1 0.000164
1 -0.000020
1 0.000021
1 -0.000081
1 0.000114
1 0.000117
1 0.000001
1 0.000102
1 0.000036
1 -0.000009
1 0.000020
1 -0.000000
1 -0.000455
1 0.000186
1 0.000098
1 -0.000006
1 0.000139
1 0.000179
1 -0.000025
1 0.000040
1 0.000048
1 0.000244
1 0.000390
1 0.000028
1 -0.000015
1 0.000407
1 0.000259
1 0.000314
1 -0.000010
1 -0.000014
1 0.000174
1 0.000130
1 0.000079
1 0.000124
1 0.000039
1 0.000082
1 0.000009
1 -0.000023
1 0.000544
1 -0.000040
1 0.000050
1 -0.000003
1 0.000577
1 0.000144
1 0.000008
1 0.000143
1 -0.000074
1 0.000114
1 -0.000065
1 0.000007
1 0.000178
1 0.000246
1 0.000068
1 0.000021
1 0.000005
1 0.000079
1 0.000063
1 0.000041
1 0.000074
1 0.000106
1 0.000053
1 0.000456
1 -0.000248
1 0.000026
1 0.000062
1 -0.000163
1 0.000142
1 0.000064
1 0.000385
1 0.000163
1 -0.000070
1 -0.000031
1 0.000052
1 0.000020
1 0.000000
1 -0.000056
1 0.000245
1 -0.000041
1 0.000021
1 -0.000431
1 0.000197
1 0.000055
1 0.000164
1 -0.000009
1 0.000337
1 -0.000067
1 0.000129
1 0.000043
1 0.000109
1 0.000019
1 -0.000008
1 -0.000029
1 0.000118
1 0.000082
1 0.000110
1 0.000136
1 0.000158
1 0.000092
1 0.000074
1 0.000006
1 0.000042
1 0.000779
1 0.000004
1 0.000039
1 0.000087
1 0.000230
1 -0.000117
1 0.000037
1 0.000026
1 0.000005
1 0.000135
1 0.000020
1 0.000070
1 0.000197
1 -0.000002
1 0.000039
1 0.000162
1 0.000353
1 0.000140
1 0.000035
1 0.000055
1 -0.000011
1 0.000157
1 0.000217
1 -0.000081
1 0.000099
1 0.000166
1 0.000086
1 0.000057
1 0.000189
1 0.000079
1 0.000018
1 0.000255
1 -0.000048
1 0.000223
1 0.000019
1 0.000259
1 0.000126
1 0.000032
1 0.000033
1 0.000419
1 0.000210
1 -0.000033
1 0.000049
1 0.000024
1 -0.000050
1 0.000036
1 0.000178
1 0.000054
1 0.000066
1 -0.000009
1 -0.000023
1 0.000016
1 -0.000034
1 0.000022
1 0.000339
1 0.000336
1 -0.000108
1 0.000015
1 0.000066
1 -0.000006
1 0.000015
1 0.000017
1 0.000086
1 0.000232
1 -0.000001
1 0.000166
1 0.000115
1 -0.000040
1 -0.000077
1 -0.000036
1 0.000149
1 -0.000442
1 -0.000139
1 0.000061
1 -0.000000
1 -0.000075
1 -0.000040
1 0.000724
1 0.000090
1 0.000114
1 -0.000063
1 0.000026
1 0.000678
1 0.000054
1 0.000173
1 0.000107
1 0.000002
1 0.000030
1 0.000012
1 0.000362
1 0.000024
1 -0.000328
1 0.000095
1 0.000154
1 0.000091
1 0.000126
1 0.000006
1 0.000050
1 0.000242
1 -0.000046
1 0.000034
1 -0.000158
1 0.000037
1 0.000035
1 -0.000087
1 -0.000011
1 0.000313
1 0.000093
1 -0.000008
1 0.000126
1 0.000127
1 0.000032
1 0.000108
1 0.000198
1 0.000079
1 0.000062
1 -0.000003
1 0.000069
1 0.000018
1 0.000116
1 0.000116
1 -0.000002
1 -0.000186
1 0.000019
1 -0.000012
1 0.000011
1 -0.000129
1 0.000003
1 0.000259
1 0.000038
1 0.000063
1 0.000067
1 -0.000059
1 -0.000361
1 0.000046
1 0.000099
1 -0.000114
1 0.000062
1 -0.000010
1 -0.000047
1 0.000259
1 -0.000253
1 0.000004
1 0.000005
1 -0.000336
1 -0.000000
1 0.000009
1 0.000146
1 0.000004
1 -0.000006
1 0.000042
1 0.000065
1 -0.000043
1 0.000013
1 0.000029
1 -0.000252
1 0.000104
1 0.000230
1 0.000111
1 0.000200
1 0.000032
1 -0.000019
1 0.000065
1 0.000022
1 0.000138
1 0.000019
1 -0.000003
1 0.000152
1 0.000180
1 0.000097
1 0.000020
1 -0.000042
1 0.000757
1 0.000025
1 0.000077
1 0.000044
1 0.000000
1 0.000038
1 0.000090
1 0.000196
1 0.000013
1 0.000017
1 0.000137
1 -0.000013
1 0.000175
1 0.000009
1 -0.000008
1 -0.000105
1 -0.000059
1 0.000107
1 0.000021
1 0.000043
1 0.000003
1 -0.000011
1 0.000003
1 0.000028
1 0.000112
1 -0.000053
1 0.000222
1 0.000069
1 0.000179
1 -0.000013
1 -0.000054
1 0.000126
1 0.000023
1 0.000001
1 -0.000079
1 -0.000262
1 0.000011
1 -0.000023
1 -0.000013
1 0.000175
1 -0.000032
1 0.000097
1 0.000060
1 -0.000018
1 0.000154
1 -0.000025
1 0.000402
1 -0.000128
1 0.000230
1 -0.000122
1 0.000892
1 -0.000137
1 -0.000060
1 0.000014
1 0.000156
1 -0.000088
1 0.000031
1 -0.000117
1 0.000044
1 0.000049
1 0.000161
1 -0.000026
1 0.000036
1 0.000088
1 0.000213
1 -0.000061
1 0.000047
1 0.000094
1 0.000010
1 -0.000039
1 -0.000005
1 0.000269
1 -0.000009
1 -0.000220
1 0.000090
1 0.000101
1 0.000011
1 -0.000183
1 0.000436
1 -0.000589
1 0.000003
1 0.000190
1 -0.000010
1 0.000006
1 0.000183
1 0.000004
1 0.000295
1 0.000097
1 0.000003
1 0.000419
1 0.000042
1 -0.000011
1 0.000011
1 -0.000050
1 -0.000148
1 0.000093
1 0.000110
1 -0.000029
1 -0.000047
1 -0.000009
1 -0.000007
1 0.000155
1 0.000461
1 0.000031
1 0.000030
1 0.000105
1 0.000012
1 0.000189
1 0.000016
1 -0.000132
1 0.000033
1 0.000012
1 0.000037
1 0.000035
1 0.000231
1 0.000056
1 0.000007
1 -0.000076
1 0.000082
1 0.000039
1 0.000015
1 -0.000001
1 0.000051
1 0.000059
1 -0.000103
1 0.000146
1 -0.000020
1 0.000066
1 -0.000234
1 -0.000037
1 0.000015
1 0.000294
1 0.000000
1 0.000052
1 0.000034
1 0.000059
1 0.000019
1 -0.000014
1 -0.000036
1 0.000038
1 -0.000051
1 -0.000137
1 -0.000007
1 0.000225
1 -0.000117
1 -0.000106
1 0.000018
1 0.000131
1 -0.000014
1 -0.000017
1 -0.000274
1 0.000162
1 -0.000029
1 0.000033
1 -0.000166
1 0.000102
1 0.000020
1 0.000031
1 0.000016
1 -0.000036
1 0.000062
1 0.000036
1 0.000052
1 0.000067
1 -0.000006
1 -0.000006
1 0.000126
1 -0.000013
1 0.000151
1 -0.000075
1 -0.000003
1 0.000102
1 0.000062
1 0.000147
1 0.000068
1 0.000075
1 0.000359
1 0.000007
1 0.000008
1 0.000039
1 0.000042
1 0.000060
1 0.000020
1 -0.000132
1 0.000363
1 0.000701
1 0.000028
1 0.000099
1 -0.000042
1 0.000200
1 0.000077
1 0.000017
1 0.000107
1 0.000292
1 -0.000015
1 0.000467
1 0.000316
1 0.000069
1 0.000065
1 0.000105
1 -0.000112
1 -0.000004
1 -0.000018
1 0.000333
1 0.000181
1 -0.000042
1 0.000029
1 0.000037
1 0.000038
1 -0.000116
1 0.000005
1 0.000057
1 -0.000098
1 0.000044
1 -0.000091
1 0.000094
1 0.000059
1 -0.000014
1 0.000020
1 -0.000005
1 -0.000170
1 -0.000042
1 -0.000092
1 0.000360
1 0.000112
1 0.000371
1 0.000238
1 0.000685
1 0.000097
1 0.000051
1 0.000081
1 -0.000002
1 0.000314
1 -0.000356
1 -0.000021
1 0.000000
1 0.000002
1 0.000568
1 0.000220
1 0.000024
1 0.000044
1 0.000214
1 -0.000410
1 -0.000015
1 -0.000333
1 0.000202
1 0.000027
1 0.000244
1 0.000150
1 0.000036
1 0.000240
1 0.000112
1 0.000012
1 -0.000001
1 0.000025
1 -0.000007
1 0.000099
1 0.000715
1 0.000128
1 0.000073
1 0.000019
1 -0.000579
1 -0.000043
1 -0.000076
1 0.000235
1 0.000002
1 0.000246
1 -0.000171
1 0.000050
1 0.000059
1 0.000025
1 -0.000053
1 0.000710
1 -0.000292
1 -0.000162
1 0.000954
1 0.000126
1 -0.000040
1 -0.000000
1 0.000117
1 0.000230
1 -0.000040
1 0.000054
1 0.000377
1 0.000010
1 -0.000003
1 0.000053
1 0.000051
1 -0.000137
1 0.000135
1 0.000498
1 0.000061
1 0.000012
1 0.000110
1 0.000002
1 0.000000
1 0.000137
1 0.000065
1 0.000076
1 0.000046
1 -0.000077
1 0.000017
1 -0.000010
1 -0.000120
1 -0.000009
1 0.000195
1 0.000110
1 0.000120
1 0.000027
1 0.000006
1 0.000135
1 0.000015
1 0.000065
1 -0.000110
1 -0.000204
1 0.000090
1 -0.000060
1 0.000080
1 0.000077
1 0.000156
1 -0.000227
1 0.000181
1 0.000010
1 0.000178
1 0.000019
1 0.000019
1 -0.000052
1 0.000000
1 0.000052
1 0.000076
1 0.000056
1 0.000119
1 0.000194
1 0.000226
1 -0.000200
1 -0.000017
1 -0.000007
1 0.000001
1 -0.000044
1 0.000036
1 0.000002
1 0.000092
1 0.000073
1 -0.000054
1 0.000143
1 -0.000079
1 -0.000015
1 -0.000020
1 0.000067
1 0.000062
1 0.000194
1 -0.000096
1 -0.000003
1 0.000085
1 0.000513
1 0.000054
1 0.000311
1 0.000010
1 0.000008
1 0.000035
1 -0.000036
1 -0.000528
1 0.000073
1 0.000057
1 0.000322
1 -0.000042
1 0.000060
1 0.000029
1 0.000029
1 0.000013
1 0.000029
1 0.000032
1 -0.000035
1 0.000054
1 0.000054
1 0.000074
1 -0.000227
1 0.000192
1 0.000092
1 -0.000008
1 -0.000356
1 0.000003
1 0.000258
1 0.000072
1 -0.000005
1 0.000057
1 0.000033
1 0.000001
1 -0.000010
1 0.000191
1 -0.000242
1 0.000483
1 -0.000013
1 0.000008
1 -0.000174
1 0.000043
1 0.000151
1 0.000019
1 -0.000040
1 -0.000106
1 0.000159
1 0.000361
1 0.000078
1 -0.000048
1 0.000124
1 0.000016
1 0.000011
1 0.000003
1 0.000034
1 -0.000098
1 0.000004
1 0.000049
1 0.000068
1 0.000117
1 0.000018
1 -0.000633
1 0.000037
1 0.000006
1 0.000149
1 0.000128
1 -0.000118
1 -0.000007
1 0.000134
1 -0.000003
1 -0.000103
1 -0.000036
1 0.000131
1 0.000018
1 0.000012
1 -0.000032
1 0.000443
1 0.000068
1 0.000023
1 0.000064
1 0.000002
1 0.000018
1 0.000308
1 -0.000007
1 0.000241
1 -0.000012
1 0.000071
1 0.000080
1 0.000057
